
==================================
| IO Statistics                  |
|                                |
| Duration: 302.990001 secs      |
| Interval:   1 secs             |
|                                |
| Col 1: MAX(frame.len)frame.len |
|--------------------------------|
|            |1     |            |
| Interval   |  MAX |            |
|-------------------|            |
|   0 <>   1 | 1372 |            |
|   1 <>   2 | 1446 |            |
|   2 <>   3 | 1274 |            |
|   3 <>   4 | 1274 |            |
|   4 <>   5 | 1274 |            |
|   5 <>   6 | 1274 |            |
|   6 <>   7 |    0 |            |
|   7 <>   8 | 1274 |            |
|   8 <>   9 | 1274 |            |
|   9 <>  10 | 1274 |            |
|  10 <>  11 |    0 |            |
|  11 <>  12 |    0 |            |
|  12 <>  13 |  872 |            |
|  13 <>  14 |  352 |            |
|  14 <>  15 |    0 |            |
|  15 <>  16 | 1274 |            |
|  16 <>  17 |  123 |            |
|  17 <>  18 |   97 |            |
|  18 <>  19 |    0 |            |
|  19 <>  20 |   97 |            |
|  20 <>  21 |    0 |            |
|  21 <>  22 |    0 |            |
|  22 <>  23 |    0 |            |
|  23 <>  24 |    0 |            |
|  24 <>  25 |    0 |            |
|  25 <>  26 |    0 |            |
|  26 <>  27 |    0 |            |
|  27 <>  28 |    0 |            |
|  28 <>  29 |    0 |            |
|  29 <>  30 |    0 |            |
|  30 <>  31 |    0 |            |
|  31 <>  32 |    0 |            |
|  32 <>  33 | 1274 |            |
|  33 <>  34 |   77 |            |
|  34 <>  35 |    0 |            |
|  35 <>  36 |    0 |            |
|  36 <>  37 |    0 |            |
|  37 <>  38 |    0 |            |
|  38 <>  39 |    0 |            |
|  39 <>  40 |    0 |            |
|  40 <>  41 |  968 |            |
|  41 <>  42 | 1274 |            |
|  42 <>  43 |    0 |            |
|  43 <>  44 | 1274 |            |
|  44 <>  45 | 1274 |            |
|  45 <>  46 |  468 |            |
|  46 <>  47 |    0 |            |
|  47 <>  48 |    0 |            |
|  48 <>  49 |    0 |            |
|  49 <>  50 |    0 |            |
|  50 <>  51 |    0 |            |
|  51 <>  52 |    0 |            |
|  52 <>  53 |    0 |            |
|  53 <>  54 | 1514 |            |
|  54 <>  55 | 1514 |            |
|  55 <>  56 | 1514 |            |
|  56 <>  57 | 1274 |            |
|  57 <>  58 | 1514 |            |
|  58 <>  59 |  174 |            |
|  59 <>  60 |  390 |            |
|  60 <>  61 |  269 |            |
|  61 <>  62 | 1274 |            |
|  62 <>  63 | 1274 |            |
|  63 <>  64 | 1274 |            |
|  64 <>  65 | 1274 |            |
|  65 <>  66 | 1274 |            |
|  66 <>  67 |  179 |            |
|  67 <>  68 |  269 |            |
|  68 <>  69 |    0 |            |
|  69 <>  70 |  179 |            |
|  70 <>  71 |    0 |            |
|  71 <>  72 |    0 |            |
|  72 <>  73 |  179 |            |
|  73 <>  74 | 1274 |            |
|  74 <>  75 | 1274 |            |
|  75 <>  76 |  269 |            |
|  76 <>  77 |    0 |            |
|  77 <>  78 |  105 |            |
|  78 <>  79 |   54 |            |
|  79 <>  80 |  117 |            |
|  80 <>  81 | 1514 |            |
|  81 <>  82 | 1274 |            |
|  82 <>  83 | 1274 |            |
|  83 <>  84 |    0 |            |
|  84 <>  85 |    0 |            |
|  85 <>  86 |    0 |            |
|  86 <>  87 | 1274 |            |
|  87 <>  88 |   77 |            |
|  88 <>  89 | 1274 |            |
|  89 <>  90 | 1274 |            |
|  90 <>  91 | 1274 |            |
|  91 <>  92 |    0 |            |
|  92 <>  93 |    0 |            |
|  93 <>  94 | 1274 |            |
|  94 <>  95 | 1274 |            |
|  95 <>  96 |    0 |            |
|  96 <>  97 |   85 |            |
|  97 <>  98 |    0 |            |
|  98 <>  99 |    0 |            |
|  99 <> 100 |    0 |            |
| 100 <> 101 |    0 |            |
| 101 <> 102 |    0 |            |
| 102 <> 103 |    0 |            |
| 103 <> 104 |    0 |            |
| 104 <> 105 |    0 |            |
| 105 <> 106 |    0 |            |
| 106 <> 107 |    0 |            |
| 107 <> 108 |    0 |            |
| 108 <> 109 |  105 |            |
| 109 <> 110 | 1274 |            |
| 110 <> 111 | 1274 |            |
| 111 <> 112 |    0 |            |
| 112 <> 113 |    0 |            |
| 113 <> 114 |    0 |            |
| 114 <> 115 |    0 |            |
| 115 <> 116 |    0 |            |
| 116 <> 117 |    0 |            |
| 117 <> 118 |    0 |            |
| 118 <> 119 |  179 |            |
| 119 <> 120 |  472 |            |
| 120 <> 121 |    0 |            |
| 121 <> 122 |  202 |            |
| 122 <> 123 |  105 |            |
| 123 <> 124 |    0 |            |
| 124 <> 125 |  179 |            |
| 125 <> 126 |    0 |            |
| 126 <> 127 |    0 |            |
| 127 <> 128 |  179 |            |
| 128 <> 129 | 1274 |            |
| 129 <> 130 |  471 |            |
| 130 <> 131 | 1446 |            |
| 131 <> 132 | 1274 |            |
| 132 <> 133 | 1274 |            |
| 133 <> 134 |  179 |            |
| 134 <> 135 | 1514 |            |
| 135 <> 136 | 1514 |            |
| 136 <> 137 | 1514 |            |
| 137 <> 138 |  392 |            |
| 138 <> 139 | 1514 |            |
| 139 <> 140 | 1274 |            |
| 140 <> 141 | 1274 |            |
| 141 <> 142 | 1274 |            |
| 142 <> 143 | 1274 |            |
| 143 <> 144 | 1274 |            |
| 144 <> 145 | 1274 |            |
| 145 <> 146 | 1274 |            |
| 146 <> 147 | 1274 |            |
| 147 <> 148 | 1274 |            |
| 148 <> 149 | 1274 |            |
| 149 <> 150 | 1274 |            |
| 150 <> 151 | 1274 |            |
| 151 <> 152 | 1274 |            |
| 152 <> 153 | 1274 |            |
| 153 <> 154 |    0 |            |
| 154 <> 155 |    0 |            |
| 155 <> 156 |    0 |            |
| 156 <> 157 |    0 |            |
| 157 <> 158 |    0 |            |
| 158 <> 159 |    0 |            |
| 159 <> 160 |    0 |            |
| 160 <> 161 |    0 |            |
| 161 <> 162 |    0 |            |
| 162 <> 163 |  103 |            |
| 163 <> 164 |    0 |            |
| 164 <> 165 |    0 |            |
| 165 <> 166 |    0 |            |
| 166 <> 167 |    0 |            |
| 167 <> 168 | 1274 |            |
| 168 <> 169 | 1274 |            |
| 169 <> 170 | 1274 |            |
| 170 <> 171 | 1274 |            |
| 171 <> 172 | 1274 |            |
| 172 <> 173 | 1274 |            |
| 173 <> 174 | 1274 |            |
| 174 <> 175 | 1274 |            |
| 175 <> 176 | 1274 |            |
| 176 <> 177 | 1274 |            |
| 177 <> 178 | 1274 |            |
| 178 <> 179 | 1274 |            |
| 179 <> 180 | 1274 |            |
| 180 <> 181 | 1274 |            |
| 181 <> 182 | 1274 |            |
| 182 <> 183 | 1274 |            |
| 183 <> 184 | 1274 |            |
| 184 <> 185 | 1274 |            |
| 185 <> 186 | 1274 |            |
| 186 <> 187 | 1274 |            |
| 187 <> 188 | 1274 |            |
| 188 <> 189 | 1274 |            |
| 189 <> 190 | 1274 |            |
| 190 <> 191 | 1274 |            |
| 191 <> 192 | 1274 |            |
| 192 <> 193 | 1274 |            |
| 193 <> 194 | 1274 |            |
| 194 <> 195 | 1274 |            |
| 195 <> 196 | 1274 |            |
| 196 <> 197 | 1274 |            |
| 197 <> 198 | 1274 |            |
| 198 <> 199 | 1274 |            |
| 199 <> 200 | 1274 |            |
| 200 <> 201 | 1274 |            |
| 201 <> 202 | 1274 |            |
| 202 <> 203 | 1274 |            |
| 203 <> 204 | 1274 |            |
| 204 <> 205 | 1274 |            |
| 205 <> 206 |    0 |            |
| 206 <> 207 |    0 |            |
| 207 <> 208 | 1274 |            |
| 208 <> 209 | 1274 |            |
| 209 <> 210 |    0 |            |
| 210 <> 211 |    0 |            |
| 211 <> 212 |    0 |            |
| 212 <> 213 |    0 |            |
| 213 <> 214 | 1310 |            |
| 214 <> 215 | 1274 |            |
| 215 <> 216 | 1274 |            |
| 216 <> 217 |  322 |            |
| 217 <> 218 |  282 |            |
| 218 <> 219 |    0 |            |
| 219 <> 220 |    0 |            |
| 220 <> 221 |    0 |            |
| 221 <> 222 |  556 |            |
| 222 <> 223 | 1274 |            |
| 223 <> 224 | 1274 |            |
| 224 <> 225 |   78 |            |
| 225 <> 226 | 1274 |            |
| 226 <> 227 | 1274 |            |
| 227 <> 228 | 1274 |            |
| 228 <> 229 | 1274 |            |
| 229 <> 230 | 1274 |            |
| 230 <> 231 | 1274 |            |
| 231 <> 232 | 1274 |            |
| 232 <> 233 | 1274 |            |
| 233 <> 234 | 1274 |            |
| 234 <> 235 | 1274 |            |
| 235 <> 236 | 1274 |            |
| 236 <> 237 | 1274 |            |
| 237 <> 238 | 1274 |            |
| 238 <> 239 | 1274 |            |
| 239 <> 240 | 1274 |            |
| 240 <> 241 | 1274 |            |
| 241 <> 242 | 1274 |            |
| 242 <> 243 | 1274 |            |
| 243 <> 244 |    0 |            |
| 244 <> 245 |  167 |            |
| 245 <> 246 |  182 |            |
| 246 <> 247 |    0 |            |
| 247 <> 248 |    0 |            |
| 248 <> 249 | 1274 |            |
| 249 <> 250 | 1274 |            |
| 250 <> 251 |    0 |            |
| 251 <> 252 |    0 |            |
| 252 <> 253 | 1274 |            |
| 253 <> 254 | 1274 |            |
| 254 <> 255 | 1274 |            |
| 255 <> 256 | 1274 |            |
| 256 <> 257 | 1274 |            |
| 257 <> 258 | 1274 |            |
| 258 <> 259 | 1274 |            |
| 259 <> 260 | 1274 |            |
| 260 <> 261 |    0 |            |
| 261 <> 262 |    0 |            |
| 262 <> 263 |  103 |            |
| 263 <> 264 |    0 |            |
| 264 <> 265 | 1274 |            |
| 265 <> 266 | 1274 |            |
| 266 <> 267 | 1274 |            |
| 267 <> 268 | 1274 |            |
| 268 <> 269 | 1274 |            |
| 269 <> 270 | 1274 |            |
| 270 <> 271 | 1274 |            |
| 271 <> 272 |   69 |            |
| 272 <> 273 | 1274 |            |
| 273 <> 274 | 1274 |            |
| 274 <> 275 | 1274 |            |
| 275 <> 276 | 1274 |            |
| 276 <> 277 | 1274 |            |
| 277 <> 278 | 1274 |            |
| 278 <> 279 | 1274 |            |
| 279 <> 280 | 1274 |            |
| 280 <> 281 | 1274 |            |
| 281 <> 282 | 1274 |            |
| 282 <> 283 | 1274 |            |
| 283 <> 284 | 1274 |            |
| 284 <> 285 | 1274 |            |
| 285 <> 286 |    0 |            |
| 286 <> 287 |    0 |            |
| 287 <> 288 |    0 |            |
| 288 <> 289 |    0 |            |
| 289 <> 290 |    0 |            |
| 290 <> 291 |    0 |            |
| 291 <> 292 |    0 |            |
| 292 <> 293 |    0 |            |
| 293 <> 294 |    0 |            |
| 294 <> 295 |    0 |            |
| 295 <> 296 |    0 |            |
| 296 <> 297 |    0 |            |
| 297 <> 298 |    0 |            |
| 298 <> 299 |    0 |            |
| 299 <> 300 |    0 |            |
| 300 <> 301 |  283 |            |
| 301 <> 302 |  280 |            |
| 302 <> Dur |  103 |            |
==================================
