
==================================
| IO Statistics                  |
|                                |
| Duration: 299.456044 secs      |
| Interval:   1 secs             |
|                                |
| Col 1: MAX(frame.len)frame.len |
|--------------------------------|
|            |1     |            |
| Interval   |  MAX |            |
|-------------------|            |
|   0 <>   1 |   42 |            |
|   1 <>   2 | 1484 |            |
|   2 <>   3 | 1484 |            |
|   3 <>   4 | 1484 |            |
|   4 <>   5 | 1484 |            |
|   5 <>   6 | 1392 |            |
|   6 <>   7 |    0 |            |
|   7 <>   8 |    0 |            |
|   8 <>   9 |    0 |            |
|   9 <>  10 |    0 |            |
|  10 <>  11 |    0 |            |
|  11 <>  12 |    0 |            |
|  12 <>  13 |    0 |            |
|  13 <>  14 |    0 |            |
|  14 <>  15 |    0 |            |
|  15 <>  16 |    0 |            |
|  16 <>  17 |    0 |            |
|  17 <>  18 |   90 |            |
|  18 <>  19 |    0 |            |
|  19 <>  20 |    0 |            |
|  20 <>  21 |    0 |            |
|  21 <>  22 |    0 |            |
|  22 <>  23 |    0 |            |
|  23 <>  24 | 1392 |            |
|  24 <>  25 | 1392 |            |
|  25 <>  26 |  531 |            |
|  26 <>  27 | 1484 |            |
|  27 <>  28 |    0 |            |
|  28 <>  29 |    0 |            |
|  29 <>  30 |    0 |            |
|  30 <>  31 |    0 |            |
|  31 <>  32 |    0 |            |
|  32 <>  33 |    0 |            |
|  33 <>  34 |    0 |            |
|  34 <>  35 |    0 |            |
|  35 <>  36 |    0 |            |
|  36 <>  37 |    0 |            |
|  37 <>  38 |    0 |            |
|  38 <>  39 |    0 |            |
|  39 <>  40 |    0 |            |
|  40 <>  41 | 1392 |            |
|  41 <>  42 | 1514 |            |
|  42 <>  43 | 1514 |            |
|  43 <>  44 | 1514 |            |
|  44 <>  45 | 1514 |            |
|  45 <>  46 | 1514 |            |
|  46 <>  47 | 1514 |            |
|  47 <>  48 | 1514 |            |
|  48 <>  49 | 1514 |            |
|  49 <>  50 | 1514 |            |
|  50 <>  51 | 1514 |            |
|  51 <>  52 | 1514 |            |
|  52 <>  53 | 1514 |            |
|  53 <>  54 | 1514 |            |
|  54 <>  55 | 1514 |            |
|  55 <>  56 | 1514 |            |
|  56 <>  57 | 1514 |            |
|  57 <>  58 |    0 |            |
|  58 <>  59 |    0 |            |
|  59 <>  60 |    0 |            |
|  60 <>  61 |  179 |            |
|  61 <>  62 |   99 |            |
|  62 <>  63 |  349 |            |
|  63 <>  64 | 1392 |            |
|  64 <>  65 | 1392 |            |
|  65 <>  66 |  349 |            |
|  66 <>  67 |  179 |            |
|  67 <>  68 |    0 |            |
|  68 <>  69 |    0 |            |
|  69 <>  70 |  179 |            |
|  70 <>  71 |    0 |            |
|  71 <>  72 |    0 |            |
|  72 <>  73 |  179 |            |
|  73 <>  74 |    0 |            |
|  74 <>  75 |    0 |            |
|  75 <>  76 |  179 |            |
|  76 <>  77 |    0 |            |
|  77 <>  78 |    0 |            |
|  78 <>  79 |    0 |            |
|  79 <>  80 |    0 |            |
|  80 <>  81 |    0 |            |
|  81 <>  82 |    0 |            |
|  82 <>  83 |    0 |            |
|  83 <>  84 |  103 |            |
|  84 <>  85 |    0 |            |
|  85 <>  86 |    0 |            |
|  86 <>  87 |    0 |            |
|  87 <>  88 |    0 |            |
|  88 <>  89 |    0 |            |
|  89 <>  90 |    0 |            |
|  90 <>  91 |    0 |            |
|  91 <>  92 |    0 |            |
|  92 <>  93 |    0 |            |
|  93 <>  94 |    0 |            |
|  94 <>  95 |    0 |            |
|  95 <>  96 |    0 |            |
|  96 <>  97 | 1484 |            |
|  97 <>  98 | 1514 |            |
|  98 <>  99 | 1514 |            |
|  99 <> 100 | 1514 |            |
| 100 <> 101 | 1514 |            |
| 101 <> 102 | 1514 |            |
| 102 <> 103 | 1514 |            |
| 103 <> 104 | 1514 |            |
| 104 <> 105 | 1514 |            |
| 105 <> 106 |   97 |            |
| 106 <> 107 |   97 |            |
| 107 <> 108 |   97 |            |
| 108 <> 109 |    0 |            |
| 109 <> 110 |    0 |            |
| 110 <> 111 |    0 |            |
| 111 <> 112 |    0 |            |
| 112 <> 113 | 1392 |            |
| 113 <> 114 |   94 |            |
| 114 <> 115 |    0 |            |
| 115 <> 116 |    0 |            |
| 116 <> 117 |    0 |            |
| 117 <> 118 |    0 |            |
| 118 <> 119 |    0 |            |
| 119 <> 120 |  179 |            |
| 120 <> 121 |    0 |            |
| 121 <> 122 |    0 |            |
| 122 <> 123 |  179 |            |
| 123 <> 124 |  103 |            |
| 124 <> 125 |    0 |            |
| 125 <> 126 |  179 |            |
| 126 <> 127 |    0 |            |
| 127 <> 128 |    0 |            |
| 128 <> 129 |  179 |            |
| 129 <> 130 |    0 |            |
| 130 <> 131 |    0 |            |
| 131 <> 132 |  179 |            |
| 132 <> 133 |    0 |            |
| 133 <> 134 |    0 |            |
| 134 <> 135 |  179 |            |
| 135 <> 136 |    0 |            |
| 136 <> 137 |    0 |            |
| 137 <> 138 |    0 |            |
| 138 <> 139 |    0 |            |
| 139 <> 140 |    0 |            |
| 140 <> 141 |    0 |            |
| 141 <> 142 |    0 |            |
| 142 <> 143 |    0 |            |
| 143 <> 144 | 1264 |            |
| 144 <> 145 |    0 |            |
| 145 <> 146 |    0 |            |
| 146 <> 147 |    0 |            |
| 147 <> 148 |    0 |            |
| 148 <> 149 |  690 |            |
| 149 <> 150 |   75 |            |
| 150 <> 151 |    0 |            |
| 151 <> 152 |  689 |            |
| 152 <> 153 |    0 |            |
| 153 <> 154 |  506 |            |
| 154 <> 155 |  690 |            |
| 155 <> 156 |  506 |            |
| 156 <> 157 | 1269 |            |
| 157 <> 158 |    0 |            |
| 158 <> 159 |  687 |            |
| 159 <> 160 |    0 |            |
| 160 <> 161 |    0 |            |
| 161 <> 162 | 1514 |            |
| 162 <> 163 | 1514 |            |
| 163 <> 164 | 1514 |            |
| 164 <> 165 | 1514 |            |
| 165 <> 166 | 1514 |            |
| 166 <> 167 | 1514 |            |
| 167 <> 168 | 1514 |            |
| 168 <> 169 | 1514 |            |
| 169 <> 170 | 1514 |            |
| 170 <> 171 | 1514 |            |
| 171 <> 172 | 1514 |            |
| 172 <> 173 | 1514 |            |
| 173 <> 174 | 1514 |            |
| 174 <> 175 | 1514 |            |
| 175 <> 176 | 1514 |            |
| 176 <> 177 | 1514 |            |
| 177 <> 178 | 1514 |            |
| 178 <> 179 | 1514 |            |
| 179 <> 180 | 1514 |            |
| 180 <> 181 | 1514 |            |
| 181 <> 182 | 1514 |            |
| 182 <> 183 | 1514 |            |
| 183 <> 184 | 1514 |            |
| 184 <> 185 | 1514 |            |
| 185 <> 186 | 1514 |            |
| 186 <> 187 | 1514 |            |
| 187 <> 188 | 1514 |            |
| 188 <> 189 | 1514 |            |
| 189 <> 190 | 1514 |            |
| 190 <> 191 | 1514 |            |
| 191 <> 192 | 1514 |            |
| 192 <> 193 | 1514 |            |
| 193 <> 194 | 1514 |            |
| 194 <> 195 | 1514 |            |
| 195 <> 196 | 1514 |            |
| 196 <> 197 | 1514 |            |
| 197 <> 198 |    0 |            |
| 198 <> 199 |    0 |            |
| 199 <> 200 |    0 |            |
| 200 <> 201 |    0 |            |
| 201 <> 202 |    0 |            |
| 202 <> 203 |    0 |            |
| 203 <> 204 |  103 |            |
| 204 <> 205 |    0 |            |
| 205 <> 206 |    0 |            |
| 206 <> 207 |    0 |            |
| 207 <> 208 |    0 |            |
| 208 <> 209 | 1392 |            |
| 209 <> 210 | 1392 |            |
| 210 <> 211 |  367 |            |
| 211 <> 212 | 1484 |            |
| 212 <> 213 |  367 |            |
| 213 <> 214 |    0 |            |
| 214 <> 215 |    0 |            |
| 215 <> 216 |    0 |            |
| 216 <> 217 |  367 |            |
| 217 <> 218 |    0 |            |
| 218 <> 219 | 1392 |            |
| 219 <> 220 | 1514 |            |
| 220 <> 221 | 1514 |            |
| 221 <> 222 | 1514 |            |
| 222 <> 223 | 1514 |            |
| 223 <> 224 | 1514 |            |
| 224 <> 225 | 1514 |            |
| 225 <> 226 | 1514 |            |
| 226 <> 227 | 1514 |            |
| 227 <> 228 | 1514 |            |
| 228 <> 229 | 1514 |            |
| 229 <> 230 |  815 |            |
| 230 <> 231 |  310 |            |
| 231 <> 232 |    0 |            |
| 232 <> 233 |    0 |            |
| 233 <> 234 |    0 |            |
| 234 <> 235 |    0 |            |
| 235 <> 236 |    0 |            |
| 236 <> 237 |    0 |            |
| 237 <> 238 |    0 |            |
| 238 <> 239 |  310 |            |
| 239 <> 240 |    0 |            |
| 240 <> 241 |    0 |            |
| 241 <> 242 |    0 |            |
| 242 <> 243 |  139 |            |
| 243 <> 244 |  322 |            |
| 244 <> 245 |   66 |            |
| 245 <> 246 |    0 |            |
| 246 <> 247 |    0 |            |
| 247 <> 248 |  122 |            |
| 248 <> 249 |    0 |            |
| 249 <> 250 |    0 |            |
| 250 <> 251 |    0 |            |
| 251 <> 252 |    0 |            |
| 252 <> 253 |    0 |            |
| 253 <> 254 |    0 |            |
| 254 <> 255 |  310 |            |
| 255 <> 256 |    0 |            |
| 256 <> 257 |    0 |            |
| 257 <> 258 |    0 |            |
| 258 <> 259 |    0 |            |
| 259 <> 260 |    0 |            |
| 260 <> 261 |    0 |            |
| 261 <> 262 |   90 |            |
| 262 <> 263 |  143 |            |
| 263 <> 264 |  310 |            |
| 264 <> 265 |  310 |            |
| 265 <> 266 |    0 |            |
| 266 <> 267 |  310 |            |
| 267 <> 268 |  817 |            |
| 268 <> 269 |    0 |            |
| 269 <> 270 | 1392 |            |
| 270 <> 271 | 1514 |            |
| 271 <> 272 | 1514 |            |
| 272 <> 273 | 1514 |            |
| 273 <> 274 | 1514 |            |
| 274 <> 275 | 1514 |            |
| 275 <> 276 | 1514 |            |
| 276 <> 277 | 1514 |            |
| 277 <> 278 | 1514 |            |
| 278 <> 279 | 1514 |            |
| 279 <> 280 | 1514 |            |
| 280 <> 281 | 1514 |            |
| 281 <> 282 | 1514 |            |
| 282 <> 283 | 1514 |            |
| 283 <> 284 | 1514 |            |
| 284 <> 285 |    0 |            |
| 285 <> 286 |    0 |            |
| 286 <> 287 |    0 |            |
| 287 <> 288 |    0 |            |
| 288 <> 289 |    0 |            |
| 289 <> 290 |    0 |            |
| 290 <> 291 |    0 |            |
| 291 <> 292 |    0 |            |
| 292 <> 293 |    0 |            |
| 293 <> 294 |    0 |            |
| 294 <> 295 |  310 |            |
| 295 <> 296 |    0 |            |
| 296 <> 297 |    0 |            |
| 297 <> 298 |    0 |            |
| 298 <> 299 | 1484 |            |
| 299 <> Dur | 1392 |            |
==================================
