
==================================
| IO Statistics                  |
|                                |
| Duration: 297.540671 secs      |
| Interval:   1 secs             |
|                                |
| Col 1: MAX(frame.len)frame.len |
|--------------------------------|
|            |1     |            |
| Interval   |  MAX |            |
|-------------------|            |
|   0 <>   1 |  179 |            |
|   1 <>   2 | 1274 |            |
|   2 <>   3 | 1446 |            |
|   3 <>   4 | 1274 |            |
|   4 <>   5 | 1514 |            |
|   5 <>   6 | 1514 |            |
|   6 <>   7 | 1274 |            |
|   7 <>   8 | 1514 |            |
|   8 <>   9 | 1514 |            |
|   9 <>  10 | 1274 |            |
|  10 <>  11 |    0 |            |
|  11 <>  12 |  164 |            |
|  12 <>  13 |    0 |            |
|  13 <>  14 |    0 |            |
|  14 <>  15 | 1274 |            |
|  15 <>  16 |    0 |            |
|  16 <>  17 | 1274 |            |
|  17 <>  18 | 1274 |            |
|  18 <>  19 | 1274 |            |
|  19 <>  20 | 1274 |            |
|  20 <>  21 | 1274 |            |
|  21 <>  22 | 1274 |            |
|  22 <>  23 | 1274 |            |
|  23 <>  24 | 1274 |            |
|  24 <>  25 | 1274 |            |
|  25 <>  26 | 1274 |            |
|  26 <>  27 | 1274 |            |
|  27 <>  28 | 1274 |            |
|  28 <>  29 |    0 |            |
|  29 <>  30 |  361 |            |
|  30 <>  31 |  420 |            |
|  31 <>  32 | 1274 |            |
|  32 <>  33 | 1274 |            |
|  33 <>  34 | 1274 |            |
|  34 <>  35 | 1274 |            |
|  35 <>  36 |   42 |            |
|  36 <>  37 | 1274 |            |
|  37 <>  38 | 1274 |            |
|  38 <>  39 | 1274 |            |
|  39 <>  40 | 1274 |            |
|  40 <>  41 |    0 |            |
|  41 <>  42 | 1274 |            |
|  42 <>  43 | 1274 |            |
|  43 <>  44 | 1274 |            |
|  44 <>  45 |  382 |            |
|  45 <>  46 |   69 |            |
|  46 <>  47 |    0 |            |
|  47 <>  48 |  280 |            |
|  48 <>  49 | 1274 |            |
|  49 <>  50 |    0 |            |
|  50 <>  51 |  392 |            |
|  51 <>  52 | 1274 |            |
|  52 <>  53 | 1274 |            |
|  53 <>  54 | 1274 |            |
|  54 <>  55 |   70 |            |
|  55 <>  56 | 1274 |            |
|  56 <>  57 |    0 |            |
|  57 <>  58 | 1274 |            |
|  58 <>  59 | 1274 |            |
|  59 <>  60 | 1274 |            |
|  60 <>  61 |    0 |            |
|  61 <>  62 |  114 |            |
|  62 <>  63 | 1514 |            |
|  63 <>  64 | 1274 |            |
|  64 <>  65 | 1274 |            |
|  65 <>  66 | 1274 |            |
|  66 <>  67 |  105 |            |
|  67 <>  68 | 1274 |            |
|  68 <>  69 | 1274 |            |
|  69 <>  70 | 1274 |            |
|  70 <>  71 | 1274 |            |
|  71 <>  72 |   85 |            |
|  72 <>  73 | 1274 |            |
|  73 <>  74 | 1446 |            |
|  74 <>  75 | 1446 |            |
|  75 <>  76 |    0 |            |
|  76 <>  77 | 1274 |            |
|  77 <>  78 | 1274 |            |
|  78 <>  79 | 1274 |            |
|  79 <>  80 | 1274 |            |
|  80 <>  81 | 1274 |            |
|  81 <>  82 |    0 |            |
|  82 <>  83 | 1274 |            |
|  83 <>  84 | 1274 |            |
|  84 <>  85 |    0 |            |
|  85 <>  86 |    0 |            |
|  86 <>  87 | 1274 |            |
|  87 <>  88 | 1274 |            |
|  88 <>  89 |  901 |            |
|  89 <>  90 |    0 |            |
|  90 <>  91 |    0 |            |
|  91 <>  92 | 1274 |            |
|  92 <>  93 | 1274 |            |
|  93 <>  94 | 1274 |            |
|  94 <>  95 |    0 |            |
|  95 <>  96 | 1274 |            |
|  96 <>  97 | 1274 |            |
|  97 <>  98 | 1274 |            |
|  98 <>  99 |    0 |            |
|  99 <> 100 |    0 |            |
| 100 <> 101 |    0 |            |
| 101 <> 102 |    0 |            |
| 102 <> 103 |    0 |            |
| 103 <> 104 |  469 |            |
| 104 <> 105 |  585 |            |
| 105 <> 106 |    0 |            |
| 106 <> 107 | 1274 |            |
| 107 <> 108 | 1274 |            |
| 108 <> 109 |    0 |            |
| 109 <> 110 |    0 |            |
| 110 <> 111 |    0 |            |
| 111 <> 112 |    0 |            |
| 112 <> 113 |   99 |            |
| 113 <> 114 |   94 |            |
| 114 <> 115 |    0 |            |
| 115 <> 116 |    0 |            |
| 116 <> 117 |    0 |            |
| 117 <> 118 |    0 |            |
| 118 <> 119 |    0 |            |
| 119 <> 120 |    0 |            |
| 120 <> 121 |    0 |            |
| 121 <> 122 |    0 |            |
| 122 <> 123 |    0 |            |
| 123 <> 124 |  164 |            |
| 124 <> 125 | 1514 |            |
| 125 <> 126 | 1514 |            |
| 126 <> 127 | 1514 |            |
| 127 <> 128 |  388 |            |
| 128 <> 129 | 1274 |            |
| 129 <> 130 |   78 |            |
| 130 <> 131 | 1274 |            |
| 131 <> 132 | 1274 |            |
| 132 <> 133 | 1446 |            |
| 133 <> 134 | 1446 |            |
| 134 <> 135 | 1446 |            |
| 135 <> 136 | 1446 |            |
| 136 <> 137 | 1446 |            |
| 137 <> 138 |    0 |            |
| 138 <> 139 |   78 |            |
| 139 <> 140 | 1274 |            |
| 140 <> 141 | 1003 |            |
| 141 <> 142 |  171 |            |
| 142 <> 143 |  631 |            |
| 143 <> 144 | 1274 |            |
| 144 <> 145 | 1274 |            |
| 145 <> 146 | 1274 |            |
| 146 <> 147 | 1274 |            |
| 147 <> 148 | 1274 |            |
| 148 <> 149 |    0 |            |
| 149 <> 150 |    0 |            |
| 150 <> 151 |    0 |            |
| 151 <> 152 |    0 |            |
| 152 <> 153 |    0 |            |
| 153 <> 154 |    0 |            |
| 154 <> 155 |    0 |            |
| 155 <> 156 |    0 |            |
| 156 <> 157 |    0 |            |
| 157 <> 158 | 1274 |            |
| 158 <> 159 |    0 |            |
| 159 <> 160 | 1274 |            |
| 160 <> 161 | 1274 |            |
| 161 <> 162 |    0 |            |
| 162 <> 163 | 1274 |            |
| 163 <> 164 | 1274 |            |
| 164 <> 165 | 1274 |            |
| 165 <> 166 |    0 |            |
| 166 <> 167 |    0 |            |
| 167 <> 168 |   42 |            |
| 168 <> 169 |    0 |            |
| 169 <> 170 |    0 |            |
| 170 <> 171 | 1274 |            |
| 171 <> 172 | 1274 |            |
| 172 <> 173 |    0 |            |
| 173 <> 174 |    0 |            |
| 174 <> 175 | 1274 |            |
| 175 <> 176 | 1274 |            |
| 176 <> 177 | 1274 |            |
| 177 <> 178 | 1274 |            |
| 178 <> 179 |    0 |            |
| 179 <> 180 |    0 |            |
| 180 <> 181 | 1274 |            |
| 181 <> 182 | 1274 |            |
| 182 <> 183 |    0 |            |
| 183 <> 184 |    0 |            |
| 184 <> 185 |   90 |            |
| 185 <> 186 |    0 |            |
| 186 <> 187 | 1274 |            |
| 187 <> 188 |    0 |            |
| 188 <> 189 |    0 |            |
| 189 <> 190 |    0 |            |
| 190 <> 191 |    0 |            |
| 191 <> 192 |    0 |            |
| 192 <> 193 |    0 |            |
| 193 <> 194 |    0 |            |
| 194 <> 195 |    0 |            |
| 195 <> 196 | 1274 |            |
| 196 <> 197 | 1274 |            |
| 197 <> 198 |    0 |            |
| 198 <> 199 | 1274 |            |
| 199 <> 200 | 1274 |            |
| 200 <> 201 |   78 |            |
| 201 <> 202 |  945 |            |
| 202 <> 203 | 1274 |            |
| 203 <> 204 | 1514 |            |
| 204 <> 205 | 1514 |            |
| 205 <> 206 | 1274 |            |
| 206 <> 207 | 1274 |            |
| 207 <> 208 | 1514 |            |
| 208 <> 209 | 1274 |            |
| 209 <> 210 | 1274 |            |
| 210 <> 211 | 1274 |            |
| 211 <> 212 | 1274 |            |
| 212 <> 213 | 1274 |            |
| 213 <> 214 | 1274 |            |
| 214 <> 215 |    0 |            |
| 215 <> 216 |    0 |            |
| 216 <> 217 |    0 |            |
| 217 <> 218 |    0 |            |
| 218 <> 219 | 1274 |            |
| 219 <> 220 | 1274 |            |
| 220 <> 221 |    0 |            |
| 221 <> 222 |    0 |            |
| 222 <> 223 |    0 |            |
| 223 <> 224 |  661 |            |
| 224 <> 225 |    0 |            |
| 225 <> 226 |    0 |            |
| 226 <> 227 | 1274 |            |
| 227 <> 228 | 1274 |            |
| 228 <> 229 | 1274 |            |
| 229 <> 230 |    0 |            |
| 230 <> 231 | 1274 |            |
| 231 <> 232 | 1274 |            |
| 232 <> 233 | 1274 |            |
| 233 <> 234 |    0 |            |
| 234 <> 235 |    0 |            |
| 235 <> 236 | 1274 |            |
| 236 <> 237 | 1274 |            |
| 237 <> 238 | 1274 |            |
| 238 <> 239 | 1274 |            |
| 239 <> 240 | 1274 |            |
| 240 <> 241 | 1274 |            |
| 241 <> 242 | 1274 |            |
| 242 <> 243 |    0 |            |
| 243 <> 244 | 1274 |            |
| 244 <> 245 | 1274 |            |
| 245 <> 246 |    0 |            |
| 246 <> 247 | 1274 |            |
| 247 <> 248 |   66 |            |
| 248 <> 249 | 1274 |            |
| 249 <> 250 | 1274 |            |
| 250 <> 251 |    0 |            |
| 251 <> 252 |    0 |            |
| 252 <> 253 |    0 |            |
| 253 <> 254 | 1274 |            |
| 254 <> 255 |    0 |            |
| 255 <> 256 | 1274 |            |
| 256 <> 257 |    0 |            |
| 257 <> 258 | 1274 |            |
| 258 <> 259 | 1274 |            |
| 259 <> 260 | 1274 |            |
| 260 <> 261 | 1274 |            |
| 261 <> 262 | 1274 |            |
| 262 <> 263 | 1274 |            |
| 263 <> 264 |    0 |            |
| 264 <> 265 |    0 |            |
| 265 <> 266 | 1274 |            |
| 266 <> 267 |   85 |            |
| 267 <> 268 | 1274 |            |
| 268 <> 269 | 1274 |            |
| 269 <> 270 | 1274 |            |
| 270 <> 271 | 1274 |            |
| 271 <> 272 | 1484 |            |
| 272 <> 273 | 1274 |            |
| 273 <> 274 | 1274 |            |
| 274 <> 275 |    0 |            |
| 275 <> 276 |    0 |            |
| 276 <> 277 |    0 |            |
| 277 <> 278 |  411 |            |
| 278 <> 279 |    0 |            |
| 279 <> 280 |    0 |            |
| 280 <> 281 |  723 |            |
| 281 <> 282 | 1274 |            |
| 282 <> 283 | 1274 |            |
| 283 <> 284 | 1274 |            |
| 284 <> 285 | 1274 |            |
| 285 <> 286 | 1274 |            |
| 286 <> 287 |    0 |            |
| 287 <> 288 | 1274 |            |
| 288 <> 289 | 1274 |            |
| 289 <> 290 |  946 |            |
| 290 <> 291 | 1274 |            |
| 291 <> 292 |    0 |            |
| 292 <> 293 | 1274 |            |
| 293 <> 294 | 1274 |            |
| 294 <> 295 |    0 |            |
| 295 <> 296 |    0 |            |
| 296 <> 297 | 1274 |            |
| 297 <> Dur | 1274 |            |
==================================
