
==================================
| IO Statistics                  |
|                                |
| Duration: 296.849755 secs      |
| Interval:   1 secs             |
|                                |
| Col 1: MAX(frame.len)frame.len |
|--------------------------------|
|            |1     |            |
| Interval   |  MAX |            |
|-------------------|            |
|   0 <>   1 | 1514 |            |
|   1 <>   2 | 1514 |            |
|   2 <>   3 | 1514 |            |
|   3 <>   4 |  341 |            |
|   4 <>   5 |    0 |            |
|   5 <>   6 | 1274 |            |
|   6 <>   7 | 1274 |            |
|   7 <>   8 |    0 |            |
|   8 <>   9 |    0 |            |
|   9 <>  10 | 1274 |            |
|  10 <>  11 | 1274 |            |
|  11 <>  12 | 1274 |            |
|  12 <>  13 |  103 |            |
|  13 <>  14 |  178 |            |
|  14 <>  15 |    0 |            |
|  15 <>  16 |    0 |            |
|  16 <>  17 |  178 |            |
|  17 <>  18 |  158 |            |
|  18 <>  19 | 1494 |            |
|  19 <>  20 |  178 |            |
|  20 <>  21 |    0 |            |
|  21 <>  22 |    0 |            |
|  22 <>  23 | 1514 |            |
|  23 <>  24 | 1354 |            |
|  24 <>  25 |    0 |            |
|  25 <>  26 | 1514 |            |
|  26 <>  27 | 1058 |            |
|  27 <>  28 | 1399 |            |
|  28 <>  29 |    0 |            |
|  29 <>  30 |    0 |            |
|  30 <>  31 |  201 |            |
|  31 <>  32 | 1514 |            |
|  32 <>  33 | 1514 |            |
|  33 <>  34 | 1514 |            |
|  34 <>  35 | 1514 |            |
|  35 <>  36 | 1514 |            |
|  36 <>  37 | 1514 |            |
|  37 <>  38 | 1514 |            |
|  38 <>  39 | 1514 |            |
|  39 <>  40 | 1514 |            |
|  40 <>  41 | 1514 |            |
|  41 <>  42 | 1514 |            |
|  42 <>  43 |   90 |            |
|  43 <>  44 |    0 |            |
|  44 <>  45 |    0 |            |
|  45 <>  46 |    0 |            |
|  46 <>  47 |    0 |            |
|  47 <>  48 |  158 |            |
|  48 <>  49 | 1514 |            |
|  49 <>  50 | 1514 |            |
|  50 <>  51 | 1514 |            |
|  51 <>  52 | 1514 |            |
|  52 <>  53 | 1514 |            |
|  53 <>  54 | 1494 |            |
|  54 <>  55 | 1514 |            |
|  55 <>  56 |  652 |            |
|  56 <>  57 |    0 |            |
|  57 <>  58 |    0 |            |
|  58 <>  59 |    0 |            |
|  59 <>  60 | 1494 |            |
|  60 <>  61 | 1514 |            |
|  61 <>  62 |  697 |            |
|  62 <>  63 |  158 |            |
|  63 <>  64 |    0 |            |
|  64 <>  65 |    0 |            |
|  65 <>  66 |    0 |            |
|  66 <>  67 |    0 |            |
|  67 <>  68 | 1514 |            |
|  68 <>  69 | 1514 |            |
|  69 <>  70 | 1514 |            |
|  70 <>  71 | 1514 |            |
|  71 <>  72 | 1514 |            |
|  72 <>  73 | 1514 |            |
|  73 <>  74 |  349 |            |
|  74 <>  75 | 1514 |            |
|  75 <>  76 | 1514 |            |
|  76 <>  77 | 1514 |            |
|  77 <>  78 | 1514 |            |
|  78 <>  79 | 1514 |            |
|  79 <>  80 | 1514 |            |
|  80 <>  81 |  226 |            |
|  81 <>  82 |  406 |            |
|  82 <>  83 |    0 |            |
|  83 <>  84 |    0 |            |
|  84 <>  85 |    0 |            |
|  85 <>  86 | 1514 |            |
|  86 <>  87 | 1514 |            |
|  87 <>  88 |  288 |            |
|  88 <>  89 |  288 |            |
|  89 <>  90 | 1514 |            |
|  90 <>  91 |  423 |            |
|  91 <>  92 |    0 |            |
|  92 <>  93 | 1514 |            |
|  93 <>  94 |  227 |            |
|  94 <>  95 |  392 |            |
|  95 <>  96 |    0 |            |
|  96 <>  97 | 1514 |            |
|  97 <>  98 | 1514 |            |
|  98 <>  99 | 1514 |            |
|  99 <> 100 |  337 |            |
| 100 <> 101 | 1514 |            |
| 101 <> 102 | 1514 |            |
| 102 <> 103 | 1514 |            |
| 103 <> 104 | 1514 |            |
| 104 <> 105 |    0 |            |
| 105 <> 106 |  500 |            |
| 106 <> 107 | 1514 |            |
| 107 <> 108 | 1494 |            |
| 108 <> 109 | 1494 |            |
| 109 <> 110 |  283 |            |
| 110 <> 111 |    0 |            |
| 111 <> 112 |    0 |            |
| 112 <> 113 |  396 |            |
| 113 <> 114 | 1514 |            |
| 114 <> 115 |  179 |            |
| 115 <> 116 | 1514 |            |
| 116 <> 117 | 1514 |            |
| 117 <> 118 | 1514 |            |
| 118 <> 119 |   92 |            |
| 119 <> 120 |    0 |            |
| 120 <> 121 | 1494 |            |
| 121 <> 122 |    0 |            |
| 122 <> 123 |  158 |            |
| 123 <> 124 |  179 |            |
| 124 <> 125 |    0 |            |
| 125 <> 126 |    0 |            |
| 126 <> 127 |  179 |            |
| 127 <> 128 |    0 |            |
| 128 <> 129 |    0 |            |
| 129 <> 130 |  179 |            |
| 130 <> 131 |    0 |            |
| 131 <> 132 |  112 |            |
| 132 <> 133 |  112 |            |
| 133 <> 134 |  433 |            |
| 134 <> 135 |    0 |            |
| 135 <> 136 |    0 |            |
| 136 <> 137 |    0 |            |
| 137 <> 138 |  158 |            |
| 138 <> 139 |    0 |            |
| 139 <> 140 |    0 |            |
| 140 <> 141 |    0 |            |
| 141 <> 142 |    0 |            |
| 142 <> 143 |    0 |            |
| 143 <> 144 | 1514 |            |
| 144 <> 145 | 1514 |            |
| 145 <> 146 |  472 |            |
| 146 <> 147 |   97 |            |
| 147 <> 148 |    0 |            |
| 148 <> 149 |    0 |            |
| 149 <> 150 |    0 |            |
| 150 <> 151 |    0 |            |
| 151 <> 152 |  303 |            |
| 152 <> 153 |  319 |            |
| 153 <> 154 | 1514 |            |
| 154 <> 155 | 1514 |            |
| 155 <> 156 | 1477 |            |
| 156 <> 157 |    0 |            |
| 157 <> 158 |    0 |            |
| 158 <> 159 |  397 |            |
| 159 <> 160 | 1514 |            |
| 160 <> 161 | 1514 |            |
| 161 <> 162 | 1514 |            |
| 162 <> 163 |    0 |            |
| 163 <> 164 | 1164 |            |
| 164 <> 165 | 1514 |            |
| 165 <> 166 | 1514 |            |
| 166 <> 167 |    0 |            |
| 167 <> 168 | 1514 |            |
| 168 <> 169 | 1514 |            |
| 169 <> 170 | 1514 |            |
| 170 <> 171 | 1514 |            |
| 171 <> 172 | 1514 |            |
| 172 <> 173 | 1514 |            |
| 173 <> 174 |  103 |            |
| 174 <> 175 | 1514 |            |
| 175 <> 176 | 1494 |            |
| 176 <> 177 | 1321 |            |
| 177 <> 178 | 1514 |            |
| 178 <> 179 |  665 |            |
| 179 <> 180 |    0 |            |
| 180 <> 181 | 1494 |            |
| 181 <> 182 | 1494 |            |
| 182 <> 183 |  158 |            |
| 183 <> 184 |  179 |            |
| 184 <> 185 |    0 |            |
| 185 <> 186 |    0 |            |
| 186 <> 187 |  179 |            |
| 187 <> 188 |    0 |            |
| 188 <> 189 |    0 |            |
| 189 <> 190 |  179 |            |
| 190 <> 191 | 1494 |            |
| 191 <> 192 |   66 |            |
| 192 <> 193 |    0 |            |
| 193 <> 194 |  103 |            |
| 194 <> 195 |    0 |            |
| 195 <> 196 |   54 |            |
| 196 <> 197 | 1514 |            |
| 197 <> 198 | 1514 |            |
| 198 <> 199 | 1514 |            |
| 199 <> 200 | 1514 |            |
| 200 <> 201 | 1514 |            |
| 201 <> 202 | 1514 |            |
| 202 <> 203 | 1494 |            |
| 203 <> 204 |    0 |            |
| 204 <> 205 |    0 |            |
| 205 <> 206 | 1514 |            |
| 206 <> 207 | 1514 |            |
| 207 <> 208 | 1514 |            |
| 208 <> 209 | 1514 |            |
| 209 <> 210 | 1514 |            |
| 210 <> 211 | 1514 |            |
| 211 <> 212 | 1514 |            |
| 212 <> 213 | 1514 |            |
| 213 <> 214 |  103 |            |
| 214 <> 215 |    0 |            |
| 215 <> 216 |    0 |            |
| 216 <> 217 |    0 |            |
| 217 <> 218 |    0 |            |
| 218 <> 219 |    0 |            |
| 219 <> 220 |    0 |            |
| 220 <> 221 | 1494 |            |
| 221 <> 222 | 1494 |            |
| 222 <> 223 | 1514 |            |
| 223 <> 224 | 1514 |            |
| 224 <> 225 | 1514 |            |
| 225 <> 226 | 1514 |            |
| 226 <> 227 | 1514 |            |
| 227 <> 228 | 1514 |            |
| 228 <> 229 | 1514 |            |
| 229 <> 230 |    0 |            |
| 230 <> 231 |    0 |            |
| 231 <> 232 |    0 |            |
| 232 <> 233 |    0 |            |
| 233 <> 234 |  103 |            |
| 234 <> 235 |    0 |            |
| 235 <> 236 |    0 |            |
| 236 <> 237 |    0 |            |
| 237 <> 238 |    0 |            |
| 238 <> 239 |    0 |            |
| 239 <> 240 |    0 |            |
| 240 <> 241 | 1494 |            |
| 241 <> 242 |    0 |            |
| 242 <> 243 |  158 |            |
| 243 <> 244 |   92 |            |
| 244 <> 245 | 1494 |            |
| 245 <> 246 | 1514 |            |
| 246 <> 247 | 1514 |            |
| 247 <> 248 | 1494 |            |
| 248 <> 249 | 1494 |            |
| 249 <> 250 | 1494 |            |
| 250 <> 251 |    0 |            |
| 251 <> 252 | 1494 |            |
| 252 <> 253 |  991 |            |
| 253 <> 254 | 1494 |            |
| 254 <> 255 |    0 |            |
| 255 <> 256 |    0 |            |
| 256 <> 257 |    0 |            |
| 257 <> 258 |  158 |            |
| 258 <> 259 |  434 |            |
| 259 <> 260 |    0 |            |
| 260 <> 261 |    0 |            |
| 261 <> 262 |    0 |            |
| 262 <> 263 |    0 |            |
| 263 <> 264 |    0 |            |
| 264 <> 265 |    0 |            |
| 265 <> 266 |    0 |            |
| 266 <> 267 |    0 |            |
| 267 <> 268 |    0 |            |
| 268 <> 269 |   90 |            |
| 269 <> 270 |    0 |            |
| 270 <> 271 |    0 |            |
| 271 <> 272 |    0 |            |
| 272 <> 273 |  158 |            |
| 273 <> 274 | 1494 |            |
| 274 <> 275 |    0 |            |
| 275 <> 276 |  504 |            |
| 276 <> 277 | 1514 |            |
| 277 <> 278 |  574 |            |
| 278 <> 279 |    0 |            |
| 279 <> 280 | 1494 |            |
| 280 <> 281 |  862 |            |
| 281 <> 282 |  558 |            |
| 282 <> 283 |    0 |            |
| 283 <> 284 |    0 |            |
| 284 <> 285 |  280 |            |
| 285 <> 286 |  397 |            |
| 286 <> 287 |    0 |            |
| 287 <> 288 |  158 |            |
| 288 <> 289 |    0 |            |
| 289 <> 290 |    0 |            |
| 290 <> 291 |    0 |            |
| 291 <> 292 |    0 |            |
| 292 <> 293 |    0 |            |
| 293 <> 294 |  103 |            |
| 294 <> 295 | 1398 |            |
| 295 <> 296 | 1514 |            |
| 296 <> Dur | 1514 |            |
==================================
