
==================================
| IO Statistics                  |
|                                |
| Duration: 297.143515 secs      |
| Interval:   1 secs             |
|                                |
| Col 1: MAX(frame.len)frame.len |
|--------------------------------|
|            |1     |            |
| Interval   |  MAX |            |
|-------------------|            |
|   0 <>   1 | 1484 |            |
|   1 <>   2 | 1514 |            |
|   2 <>   3 |  167 |            |
|   3 <>   4 | 1514 |            |
|   4 <>   5 | 1514 |            |
|   5 <>   6 | 1514 |            |
|   6 <>   7 | 1514 |            |
|   7 <>   8 | 1514 |            |
|   8 <>   9 | 1514 |            |
|   9 <>  10 | 1514 |            |
|  10 <>  11 |    0 |            |
|  11 <>  12 |    0 |            |
|  12 <>  13 |    0 |            |
|  13 <>  14 |    0 |            |
|  14 <>  15 | 1484 |            |
|  15 <>  16 | 1514 |            |
|  16 <>  17 | 1514 |            |
|  17 <>  18 | 1514 |            |
|  18 <>  19 | 1514 |            |
|  19 <>  20 | 1514 |            |
|  20 <>  21 | 1514 |            |
|  21 <>  22 | 1514 |            |
|  22 <>  23 | 1514 |            |
|  23 <>  24 | 1514 |            |
|  24 <>  25 | 1514 |            |
|  25 <>  26 | 1514 |            |
|  26 <>  27 | 1514 |            |
|  27 <>  28 | 1514 |            |
|  28 <>  29 | 1514 |            |
|  29 <>  30 | 1514 |            |
|  30 <>  31 | 1514 |            |
|  31 <>  32 | 1514 |            |
|  32 <>  33 | 1514 |            |
|  33 <>  34 | 1514 |            |
|  34 <>  35 | 1514 |            |
|  35 <>  36 | 1514 |            |
|  36 <>  37 | 1514 |            |
|  37 <>  38 | 1514 |            |
|  38 <>  39 | 1514 |            |
|  39 <>  40 |    0 |            |
|  40 <>  41 |    0 |            |
|  41 <>  42 |    0 |            |
|  42 <>  43 |  167 |            |
|  43 <>  44 | 1514 |            |
|  44 <>  45 | 1514 |            |
|  45 <>  46 | 1514 |            |
|  46 <>  47 | 1514 |            |
|  47 <>  48 | 1514 |            |
|  48 <>  49 | 1514 |            |
|  49 <>  50 | 1514 |            |
|  50 <>  51 | 1514 |            |
|  51 <>  52 | 1514 |            |
|  52 <>  53 | 1514 |            |
|  53 <>  54 | 1514 |            |
|  54 <>  55 | 1514 |            |
|  55 <>  56 | 1514 |            |
|  56 <>  57 | 1514 |            |
|  57 <>  58 | 1514 |            |
|  58 <>  59 | 1514 |            |
|  59 <>  60 | 1514 |            |
|  60 <>  61 | 1514 |            |
|  61 <>  62 | 1514 |            |
|  62 <>  63 | 1514 |            |
|  63 <>  64 | 1514 |            |
|  64 <>  65 | 1514 |            |
|  65 <>  66 | 1514 |            |
|  66 <>  67 | 1514 |            |
|  67 <>  68 | 1514 |            |
|  68 <>  69 | 1514 |            |
|  69 <>  70 | 1514 |            |
|  70 <>  71 | 1514 |            |
|  71 <>  72 | 1514 |            |
|  72 <>  73 | 1514 |            |
|  73 <>  74 | 1514 |            |
|  74 <>  75 | 1514 |            |
|  75 <>  76 | 1514 |            |
|  76 <>  77 | 1514 |            |
|  77 <>  78 | 1514 |            |
|  78 <>  79 | 1514 |            |
|  79 <>  80 | 1514 |            |
|  80 <>  81 | 1514 |            |
|  81 <>  82 | 1514 |            |
|  82 <>  83 | 1514 |            |
|  83 <>  84 | 1514 |            |
|  84 <>  85 | 1514 |            |
|  85 <>  86 | 1514 |            |
|  86 <>  87 | 1514 |            |
|  87 <>  88 | 1514 |            |
|  88 <>  89 | 1514 |            |
|  89 <>  90 | 1514 |            |
|  90 <>  91 | 1514 |            |
|  91 <>  92 | 1514 |            |
|  92 <>  93 | 1514 |            |
|  93 <>  94 | 1514 |            |
|  94 <>  95 | 1514 |            |
|  95 <>  96 | 1514 |            |
|  96 <>  97 | 1514 |            |
|  97 <>  98 | 1514 |            |
|  98 <>  99 | 1514 |            |
|  99 <> 100 | 1514 |            |
| 100 <> 101 | 1514 |            |
| 101 <> 102 | 1514 |            |
| 102 <> 103 | 1514 |            |
| 103 <> 104 | 1514 |            |
| 104 <> 105 | 1514 |            |
| 105 <> 106 | 1514 |            |
| 106 <> 107 | 1514 |            |
| 107 <> 108 | 1514 |            |
| 108 <> 109 | 1514 |            |
| 109 <> 110 | 1514 |            |
| 110 <> 111 | 1514 |            |
| 111 <> 112 | 1514 |            |
| 112 <> 113 | 1514 |            |
| 113 <> 114 | 1514 |            |
| 114 <> 115 | 1514 |            |
| 115 <> 116 | 1514 |            |
| 116 <> 117 | 1514 |            |
| 117 <> 118 | 1514 |            |
| 118 <> 119 | 1514 |            |
| 119 <> 120 | 1514 |            |
| 120 <> 121 | 1514 |            |
| 121 <> 122 | 1514 |            |
| 122 <> 123 | 1514 |            |
| 123 <> 124 | 1514 |            |
| 124 <> 125 | 1514 |            |
| 125 <> 126 | 1514 |            |
| 126 <> 127 | 1514 |            |
| 127 <> 128 | 1514 |            |
| 128 <> 129 | 1514 |            |
| 129 <> 130 | 1514 |            |
| 130 <> 131 | 1514 |            |
| 131 <> 132 | 1514 |            |
| 132 <> 133 | 1514 |            |
| 133 <> 134 | 1514 |            |
| 134 <> 135 | 1514 |            |
| 135 <> 136 | 1514 |            |
| 136 <> 137 | 1514 |            |
| 137 <> 138 | 1514 |            |
| 138 <> 139 | 1514 |            |
| 139 <> 140 | 1514 |            |
| 140 <> 141 | 1514 |            |
| 141 <> 142 | 1514 |            |
| 142 <> 143 | 1514 |            |
| 143 <> 144 | 1514 |            |
| 144 <> 145 | 1514 |            |
| 145 <> 146 | 1514 |            |
| 146 <> 147 | 1514 |            |
| 147 <> 148 | 1514 |            |
| 148 <> 149 | 1514 |            |
| 149 <> 150 | 1514 |            |
| 150 <> 151 | 1514 |            |
| 151 <> 152 | 1514 |            |
| 152 <> 153 | 1514 |            |
| 153 <> 154 | 1514 |            |
| 154 <> 155 | 1514 |            |
| 155 <> 156 | 1514 |            |
| 156 <> 157 | 1514 |            |
| 157 <> 158 | 1514 |            |
| 158 <> 159 | 1514 |            |
| 159 <> 160 | 1514 |            |
| 160 <> 161 | 1514 |            |
| 161 <> 162 | 1514 |            |
| 162 <> 163 | 1514 |            |
| 163 <> 164 | 1514 |            |
| 164 <> 165 | 1514 |            |
| 165 <> 166 | 1514 |            |
| 166 <> 167 | 1514 |            |
| 167 <> 168 | 1514 |            |
| 168 <> 169 | 1514 |            |
| 169 <> 170 | 1514 |            |
| 170 <> 171 | 1514 |            |
| 171 <> 172 | 1514 |            |
| 172 <> 173 | 1514 |            |
| 173 <> 174 | 1514 |            |
| 174 <> 175 | 1514 |            |
| 175 <> 176 | 1514 |            |
| 176 <> 177 | 1514 |            |
| 177 <> 178 | 1514 |            |
| 178 <> 179 | 1514 |            |
| 179 <> 180 | 1514 |            |
| 180 <> 181 | 1514 |            |
| 181 <> 182 | 1514 |            |
| 182 <> 183 | 1514 |            |
| 183 <> 184 | 1514 |            |
| 184 <> 185 | 1514 |            |
| 185 <> 186 | 1514 |            |
| 186 <> 187 | 1514 |            |
| 187 <> 188 | 1514 |            |
| 188 <> 189 | 1514 |            |
| 189 <> 190 | 1514 |            |
| 190 <> 191 | 1514 |            |
| 191 <> 192 | 1514 |            |
| 192 <> 193 | 1514 |            |
| 193 <> 194 | 1514 |            |
| 194 <> 195 | 1514 |            |
| 195 <> 196 | 1514 |            |
| 196 <> 197 | 1514 |            |
| 197 <> 198 | 1514 |            |
| 198 <> 199 | 1514 |            |
| 199 <> 200 | 1514 |            |
| 200 <> 201 | 1514 |            |
| 201 <> 202 | 1514 |            |
| 202 <> 203 | 1514 |            |
| 203 <> 204 | 1514 |            |
| 204 <> 205 | 1514 |            |
| 205 <> 206 | 1514 |            |
| 206 <> 207 | 1514 |            |
| 207 <> 208 | 1514 |            |
| 208 <> 209 | 1514 |            |
| 209 <> 210 | 1514 |            |
| 210 <> 211 |    0 |            |
| 211 <> 212 |  167 |            |
| 212 <> 213 |    0 |            |
| 213 <> 214 |  167 |            |
| 214 <> 215 |    0 |            |
| 215 <> 216 |  167 |            |
| 216 <> 217 |  103 |            |
| 217 <> 218 |    0 |            |
| 218 <> 219 |    0 |            |
| 219 <> 220 |    0 |            |
| 220 <> 221 |    0 |            |
| 221 <> 222 |    0 |            |
| 222 <> 223 |    0 |            |
| 223 <> 224 |    0 |            |
| 224 <> 225 | 1121 |            |
| 225 <> 226 | 1302 |            |
| 226 <> 227 |    0 |            |
| 227 <> 228 |    0 |            |
| 228 <> 229 |    0 |            |
| 229 <> 230 |    0 |            |
| 230 <> 231 |  290 |            |
| 231 <> 232 |  290 |            |
| 232 <> 233 |  290 |            |
| 233 <> 234 |    0 |            |
| 234 <> 235 |  290 |            |
| 235 <> 236 |    0 |            |
| 236 <> 237 |  167 |            |
| 237 <> 238 |    0 |            |
| 238 <> 239 |  290 |            |
| 239 <> 240 |    0 |            |
| 240 <> 241 | 1514 |            |
| 241 <> 242 |    0 |            |
| 242 <> 243 | 1514 |            |
| 243 <> 244 | 1514 |            |
| 244 <> 245 |    0 |            |
| 245 <> 246 |  290 |            |
| 246 <> 247 |    0 |            |
| 247 <> 248 |    0 |            |
| 248 <> 249 |    0 |            |
| 249 <> 250 |    0 |            |
| 250 <> 251 |    0 |            |
| 251 <> 252 |    0 |            |
| 252 <> 253 |    0 |            |
| 253 <> 254 |  167 |            |
| 254 <> 255 |    0 |            |
| 255 <> 256 |  167 |            |
| 256 <> 257 | 1514 |            |
| 257 <> 258 | 1514 |            |
| 258 <> 259 | 1514 |            |
| 259 <> 260 | 1514 |            |
| 260 <> 261 | 1514 |            |
| 261 <> 262 | 1514 |            |
| 262 <> 263 | 1514 |            |
| 263 <> 264 | 1514 |            |
| 264 <> 265 | 1514 |            |
| 265 <> 266 | 1514 |            |
| 266 <> 267 | 1514 |            |
| 267 <> 268 | 1514 |            |
| 268 <> 269 | 1514 |            |
| 269 <> 270 | 1514 |            |
| 270 <> 271 | 1514 |            |
| 271 <> 272 | 1514 |            |
| 272 <> 273 | 1514 |            |
| 273 <> 274 | 1514 |            |
| 274 <> 275 | 1514 |            |
| 275 <> 276 | 1514 |            |
| 276 <> 277 | 1514 |            |
| 277 <> 278 | 1514 |            |
| 278 <> 279 | 1514 |            |
| 279 <> 280 | 1514 |            |
| 280 <> 281 | 1514 |            |
| 281 <> 282 | 1514 |            |
| 282 <> 283 | 1514 |            |
| 283 <> 284 | 1514 |            |
| 284 <> 285 | 1514 |            |
| 285 <> 286 | 1514 |            |
| 286 <> 287 | 1514 |            |
| 287 <> 288 | 1514 |            |
| 288 <> 289 | 1514 |            |
| 289 <> 290 | 1514 |            |
| 290 <> 291 | 1514 |            |
| 291 <> 292 | 1514 |            |
| 292 <> 293 | 1514 |            |
| 293 <> 294 | 1514 |            |
| 294 <> 295 | 1514 |            |
| 295 <> 296 | 1514 |            |
| 296 <> 297 |  103 |            |
| 297 <> Dur |  167 |            |
==================================
