
==================================
| IO Statistics                  |
|                                |
| Duration: 282.630879 secs      |
| Interval:   1 secs             |
|                                |
| Col 1: MAX(frame.len)frame.len |
|--------------------------------|
|            |1     |            |
| Interval   |  MAX |            |
|-------------------|            |
|   0 <>   1 | 1514 |            |
|   1 <>   2 | 1294 |            |
|   2 <>   3 | 1514 |            |
|   3 <>   4 | 1514 |            |
|   4 <>   5 | 1514 |            |
|   5 <>   6 | 1038 |            |
|   6 <>   7 | 1514 |            |
|   7 <>   8 | 1514 |            |
|   8 <>   9 | 1514 |            |
|   9 <>  10 |    0 |            |
|  10 <>  11 | 1514 |            |
|  11 <>  12 | 1514 |            |
|  12 <>  13 | 1514 |            |
|  13 <>  14 | 1514 |            |
|  14 <>  15 | 1514 |            |
|  15 <>  16 | 1514 |            |
|  16 <>  17 | 1514 |            |
|  17 <>  18 |  390 |            |
|  18 <>  19 | 1514 |            |
|  19 <>  20 | 1514 |            |
|  20 <>  21 | 1514 |            |
|  21 <>  22 |    0 |            |
|  22 <>  23 | 1514 |            |
|  23 <>  24 | 1514 |            |
|  24 <>  25 | 1514 |            |
|  25 <>  26 | 1514 |            |
|  26 <>  27 | 1484 |            |
|  27 <>  28 | 1514 |            |
|  28 <>  29 | 1514 |            |
|  29 <>  30 |  390 |            |
|  30 <>  31 | 1514 |            |
|  31 <>  32 | 1514 |            |
|  32 <>  33 | 1514 |            |
|  33 <>  34 | 1514 |            |
|  34 <>  35 | 1514 |            |
|  35 <>  36 | 1484 |            |
|  36 <>  37 | 1514 |            |
|  37 <>  38 | 1484 |            |
|  38 <>  39 |  379 |            |
|  39 <>  40 |  139 |            |
|  40 <>  41 | 1514 |            |
|  41 <>  42 | 1514 |            |
|  42 <>  43 | 1514 |            |
|  43 <>  44 | 1514 |            |
|  44 <>  45 | 1484 |            |
|  45 <>  46 | 1484 |            |
|  46 <>  47 | 1514 |            |
|  47 <>  48 | 1514 |            |
|  48 <>  49 |  167 |            |
|  49 <>  50 |    0 |            |
|  50 <>  51 |  167 |            |
|  51 <>  52 |    0 |            |
|  52 <>  53 |  167 |            |
|  53 <>  54 |    0 |            |
|  54 <>  55 |  167 |            |
|  55 <>  56 |    0 |            |
|  56 <>  57 |  167 |            |
|  57 <>  58 |    0 |            |
|  58 <>  59 |  167 |            |
|  59 <>  60 |    0 |            |
|  60 <>  61 | 1484 |            |
|  61 <>  62 | 1484 |            |
|  62 <>  63 |   85 |            |
|  63 <>  64 |   54 |            |
|  64 <>  65 |  119 |            |
|  65 <>  66 |    0 |            |
|  66 <>  67 |    0 |            |
|  67 <>  68 |  129 |            |
|  68 <>  69 |  129 |            |
|  69 <>  70 | 1514 |            |
|  70 <>  71 | 1514 |            |
|  71 <>  72 |  129 |            |
|  72 <>  73 |   82 |            |
|  73 <>  74 |    0 |            |
|  74 <>  75 | 1514 |            |
|  75 <>  76 | 1514 |            |
|  76 <>  77 |    0 |            |
|  77 <>  78 |    0 |            |
|  78 <>  79 |    0 |            |
|  79 <>  80 |    0 |            |
|  80 <>  81 |    0 |            |
|  81 <>  82 |    0 |            |
|  82 <>  83 |    0 |            |
|  83 <>  84 |    0 |            |
|  84 <>  85 |  119 |            |
|  85 <>  86 |    0 |            |
|  86 <>  87 |   94 |            |
|  87 <>  88 |    0 |            |
|  88 <>  89 |    0 |            |
|  89 <>  90 |    0 |            |
|  90 <>  91 | 1484 |            |
|  91 <>  92 |    0 |            |
|  92 <>  93 | 1494 |            |
|  93 <>  94 | 1514 |            |
|  94 <>  95 |  119 |            |
|  95 <>  96 |  167 |            |
|  96 <>  97 |  497 |            |
|  97 <>  98 |  267 |            |
|  98 <>  99 |   66 |            |
|  99 <> 100 |  167 |            |
| 100 <> 101 |    0 |            |
| 101 <> 102 |  167 |            |
| 102 <> 103 |   82 |            |
| 103 <> 104 |  167 |            |
| 104 <> 105 |    0 |            |
| 105 <> 106 |  167 |            |
| 106 <> 107 |  119 |            |
| 107 <> 108 |  167 |            |
| 108 <> 109 |  965 |            |
| 109 <> 110 |  167 |            |
| 110 <> 111 |    0 |            |
| 111 <> 112 |  167 |            |
| 112 <> 113 |    0 |            |
| 113 <> 114 |  167 |            |
| 114 <> 115 |    0 |            |
| 115 <> 116 |  167 |            |
| 116 <> 117 |    0 |            |
| 117 <> 118 |  179 |            |
| 118 <> 119 |    0 |            |
| 119 <> 120 |  167 |            |
| 120 <> 121 | 1484 |            |
| 121 <> 122 |  167 |            |
| 122 <> 123 |    0 |            |
| 123 <> 124 |  179 |            |
| 124 <> 125 |    0 |            |
| 125 <> 126 |  167 |            |
| 126 <> 127 |  179 |            |
| 127 <> 128 |  167 |            |
| 128 <> 129 |   66 |            |
| 129 <> 130 |  179 |            |
| 130 <> 131 |    0 |            |
| 131 <> 132 | 1484 |            |
| 132 <> 133 |  358 |            |
| 133 <> 134 |  822 |            |
| 134 <> 135 | 1514 |            |
| 135 <> 136 |  167 |            |
| 136 <> 137 | 1514 |            |
| 137 <> 138 | 1514 |            |
| 138 <> 139 | 1514 |            |
| 139 <> 140 | 1484 |            |
| 140 <> 141 | 1484 |            |
| 141 <> 142 | 1514 |            |
| 142 <> 143 |  179 |            |
| 143 <> 144 | 1514 |            |
| 144 <> 145 | 1514 |            |
| 145 <> 146 | 1514 |            |
| 146 <> 147 |  275 |            |
| 147 <> 148 | 1514 |            |
| 148 <> 149 | 1514 |            |
| 149 <> 150 | 1514 |            |
| 150 <> 151 | 1514 |            |
| 151 <> 152 | 1484 |            |
| 152 <> 153 | 1514 |            |
| 153 <> 154 |    0 |            |
| 154 <> 155 |  275 |            |
| 155 <> 156 | 1514 |            |
| 156 <> 157 |  275 |            |
| 157 <> 158 |  101 |            |
| 158 <> 159 | 1514 |            |
| 159 <> 160 | 1514 |            |
| 160 <> 161 | 1514 |            |
| 161 <> 162 |    0 |            |
| 162 <> 163 |    0 |            |
| 163 <> 164 | 1514 |            |
| 164 <> 165 |    0 |            |
| 165 <> 166 | 1514 |            |
| 166 <> 167 | 1514 |            |
| 167 <> 168 | 1514 |            |
| 168 <> 169 |    0 |            |
| 169 <> 170 |  167 |            |
| 170 <> 171 |  275 |            |
| 171 <> 172 |  167 |            |
| 172 <> 173 |    0 |            |
| 173 <> 174 | 1514 |            |
| 174 <> 175 |    0 |            |
| 175 <> 176 |  167 |            |
| 176 <> 177 |  269 |            |
| 177 <> 178 |  965 |            |
| 178 <> 179 |  119 |            |
| 179 <> 180 |  179 |            |
| 180 <> 181 | 1514 |            |
| 181 <> 182 | 1514 |            |
| 182 <> 183 | 1514 |            |
| 183 <> 184 | 1514 |            |
| 184 <> 185 | 1514 |            |
| 185 <> 186 | 1514 |            |
| 186 <> 187 | 1514 |            |
| 187 <> 188 | 1514 |            |
| 188 <> 189 | 1514 |            |
| 189 <> 190 | 1514 |            |
| 190 <> 191 | 1514 |            |
| 191 <> 192 | 1514 |            |
| 192 <> 193 | 1514 |            |
| 193 <> 194 | 1514 |            |
| 194 <> 195 | 1514 |            |
| 195 <> 196 | 1514 |            |
| 196 <> 197 | 1514 |            |
| 197 <> 198 | 1294 |            |
| 198 <> 199 | 1279 |            |
| 199 <> 200 | 1038 |            |
| 200 <> 201 | 1514 |            |
| 201 <> 202 |  119 |            |
| 202 <> 203 | 1514 |            |
| 203 <> 204 | 1514 |            |
| 204 <> 205 | 1514 |            |
| 205 <> 206 | 1514 |            |
| 206 <> 207 | 1514 |            |
| 207 <> 208 |    0 |            |
| 208 <> 209 | 1514 |            |
| 209 <> 210 | 1514 |            |
| 210 <> 211 | 1484 |            |
| 211 <> 212 | 1484 |            |
| 212 <> 213 | 1294 |            |
| 213 <> 214 |   82 |            |
| 214 <> 215 | 1514 |            |
| 215 <> 216 | 1514 |            |
| 216 <> 217 | 1514 |            |
| 217 <> 218 | 1514 |            |
| 218 <> 219 | 1514 |            |
| 219 <> 220 | 1514 |            |
| 220 <> 221 | 1099 |            |
| 221 <> 222 | 1484 |            |
| 222 <> 223 | 1514 |            |
| 223 <> 224 | 1514 |            |
| 224 <> 225 |  167 |            |
| 225 <> 226 |  119 |            |
| 226 <> 227 |  167 |            |
| 227 <> 228 |  112 |            |
| 228 <> 229 |  167 |            |
| 229 <> 230 |   99 |            |
| 230 <> 231 |  167 |            |
| 231 <> 232 |    0 |            |
| 232 <> 233 |  167 |            |
| 233 <> 234 |    0 |            |
| 234 <> 235 |  167 |            |
| 235 <> 236 |    0 |            |
| 236 <> 237 |  167 |            |
| 237 <> 238 |    0 |            |
| 238 <> 239 |  167 |            |
| 239 <> 240 |    0 |            |
| 240 <> 241 | 1484 |            |
| 241 <> 242 |  152 |            |
| 242 <> 243 |  167 |            |
| 243 <> 244 |   90 |            |
| 244 <> 245 |  167 |            |
| 245 <> 246 |    0 |            |
| 246 <> 247 |  167 |            |
| 247 <> 248 |   97 |            |
| 248 <> 249 |   97 |            |
| 249 <> 250 |   97 |            |
| 250 <> 251 |   97 |            |
| 251 <> 252 |  101 |            |
| 252 <> 253 |    0 |            |
| 253 <> 254 |    0 |            |
| 254 <> 255 |    0 |            |
| 255 <> 256 |    0 |            |
| 256 <> 257 |   97 |            |
| 257 <> 258 |   90 |            |
| 258 <> 259 |    0 |            |
| 259 <> 260 |   90 |            |
| 260 <> 261 |    0 |            |
| 261 <> 262 |    0 |            |
| 262 <> 263 |    0 |            |
| 263 <> 264 |    0 |            |
| 264 <> 265 |   97 |            |
| 265 <> 266 |    0 |            |
| 266 <> 267 |    0 |            |
| 267 <> 268 |    0 |            |
| 268 <> 269 |    0 |            |
| 269 <> 270 |    0 |            |
| 270 <> 271 |    0 |            |
| 271 <> 272 |    0 |            |
| 272 <> 273 |    0 |            |
| 273 <> 274 |    0 |            |
| 274 <> 275 |    0 |            |
| 275 <> 276 |    0 |            |
| 276 <> 277 |    0 |            |
| 277 <> 278 |    0 |            |
| 278 <> 279 |    0 |            |
| 279 <> 280 |    0 |            |
| 280 <> 281 |   82 |            |
| 281 <> 282 |    0 |            |
| 282 <> Dur |  101 |            |
==================================
