
==================================
| IO Statistics                  |
|                                |
| Duration: 299.518864 secs      |
| Interval:   1 secs             |
|                                |
| Col 1: MAX(frame.len)frame.len |
|--------------------------------|
|            |1     |            |
| Interval   |  MAX |            |
|-------------------|            |
|   0 <>   1 |  306 |            |
|   1 <>   2 |  111 |            |
|   2 <>   3 |  143 |            |
|   3 <>   4 |  212 |            |
|   4 <>   5 |  187 |            |
|   5 <>   6 |  108 |            |
|   6 <>   7 |  196 |            |
|   7 <>   8 |  227 |            |
|   8 <>   9 |  212 |            |
|   9 <>  10 |  187 |            |
|  10 <>  11 |    0 |            |
|  11 <>  12 |  212 |            |
|  12 <>  13 |  227 |            |
|  13 <>  14 |  187 |            |
|  14 <>  15 |  194 |            |
|  15 <>  16 |  103 |            |
|  16 <>  17 |    0 |            |
|  17 <>  18 | 1446 |            |
|  18 <>  19 | 1446 |            |
|  19 <>  20 |  212 |            |
|  20 <>  21 |  187 |            |
|  21 <>  22 |    0 |            |
|  22 <>  23 |    0 |            |
|  23 <>  24 |    0 |            |
|  24 <>  25 |    0 |            |
|  25 <>  26 |    0 |            |
|  26 <>  27 |    0 |            |
|  27 <>  28 |    0 |            |
|  28 <>  29 |    0 |            |
|  29 <>  30 |    0 |            |
|  30 <>  31 |    0 |            |
|  31 <>  32 |  103 |            |
|  32 <>  33 |    0 |            |
|  33 <>  34 |  212 |            |
|  34 <>  35 |  130 |            |
|  35 <>  36 | 1446 |            |
|  36 <>  37 | 1446 |            |
|  37 <>  38 |  103 |            |
|  38 <>  39 |    0 |            |
|  39 <>  40 |    0 |            |
|  40 <>  41 |    0 |            |
|  41 <>  42 |    0 |            |
|  42 <>  43 |    0 |            |
|  43 <>  44 |    0 |            |
|  44 <>  45 | 1392 |            |
|  45 <>  46 |    0 |            |
|  46 <>  47 |    0 |            |
|  47 <>  48 |   97 |            |
|  48 <>  49 |   66 |            |
|  49 <>  50 |    0 |            |
|  50 <>  51 |    0 |            |
|  51 <>  52 |  103 |            |
|  52 <>  53 |    0 |            |
|  53 <>  54 |    0 |            |
|  54 <>  55 |    0 |            |
|  55 <>  56 |  106 |            |
|  56 <>  57 |  210 |            |
|  57 <>  58 |  103 |            |
|  58 <>  59 |  244 |            |
|  59 <>  60 |  212 |            |
|  60 <>  61 |  159 |            |
|  61 <>  62 |  212 |            |
|  62 <>  63 |  212 |            |
|  63 <>  64 |  128 |            |
|  64 <>  65 |  196 |            |
|  65 <>  66 |  196 |            |
|  66 <>  67 |  135 |            |
|  67 <>  68 |    0 |            |
|  68 <>  69 |  247 |            |
|  69 <>  70 | 1446 |            |
|  70 <>  71 |    0 |            |
|  71 <>  72 |    0 |            |
|  72 <>  73 |    0 |            |
|  73 <>  74 |    0 |            |
|  74 <>  75 |  260 |            |
|  75 <>  76 |    0 |            |
|  76 <>  77 |    0 |            |
|  77 <>  78 |  103 |            |
|  78 <>  79 |  119 |            |
|  79 <>  80 |    0 |            |
|  80 <>  81 |    0 |            |
|  81 <>  82 |  150 |            |
|  82 <>  83 |    0 |            |
|  83 <>  84 |  255 |            |
|  84 <>  85 |  108 |            |
|  85 <>  86 |  108 |            |
|  86 <>  87 |  108 |            |
|  87 <>  88 |    0 |            |
|  88 <>  89 |    0 |            |
|  89 <>  90 |    0 |            |
|  90 <>  91 |    0 |            |
|  91 <>  92 |    0 |            |
|  92 <>  93 |    0 |            |
|  93 <>  94 |    0 |            |
|  94 <>  95 |  287 |            |
|  95 <>  96 |  142 |            |
|  96 <>  97 |    0 |            |
|  97 <>  98 |  103 |            |
|  98 <>  99 | 1003 |            |
|  99 <> 100 |  305 |            |
| 100 <> 101 |    0 |            |
| 101 <> 102 |    0 |            |
| 102 <> 103 |  100 |            |
| 103 <> 104 |  105 |            |
| 104 <> 105 |    0 |            |
| 105 <> 106 |    0 |            |
| 106 <> 107 |    0 |            |
| 107 <> 108 |    0 |            |
| 108 <> 109 |   69 |            |
| 109 <> 110 |  212 |            |
| 110 <> 111 |  128 |            |
| 111 <> 112 |    0 |            |
| 112 <> 113 |  212 |            |
| 113 <> 114 | 1494 |            |
| 114 <> 115 |    0 |            |
| 115 <> 116 |    0 |            |
| 116 <> 117 | 1494 |            |
| 117 <> 118 |  103 |            |
| 118 <> 119 | 1446 |            |
| 119 <> 120 | 1446 |            |
| 120 <> 121 |  119 |            |
| 121 <> 122 |    0 |            |
| 122 <> 123 |    0 |            |
| 123 <> 124 |    0 |            |
| 124 <> 125 |    0 |            |
| 125 <> 126 |    0 |            |
| 126 <> 127 |    0 |            |
| 127 <> 128 |    0 |            |
| 128 <> 129 |    0 |            |
| 129 <> 130 |    0 |            |
| 130 <> 131 |    0 |            |
| 131 <> 132 |    0 |            |
| 132 <> 133 |    0 |            |
| 133 <> 134 |    0 |            |
| 134 <> 135 |    0 |            |
| 135 <> 136 |    0 |            |
| 136 <> 137 |   66 |            |
| 137 <> 138 |  103 |            |
| 138 <> 139 |  212 |            |
| 139 <> 140 |    0 |            |
| 140 <> 141 |  212 |            |
| 141 <> 142 |  139 |            |
| 142 <> 143 |  139 |            |
| 143 <> 144 |  179 |            |
| 144 <> 145 | 1494 |            |
| 145 <> 146 |  159 |            |
| 146 <> 147 |  179 |            |
| 147 <> 148 | 1494 |            |
| 148 <> 149 | 1494 |            |
| 149 <> 150 | 1494 |            |
| 150 <> 151 | 1494 |            |
| 151 <> 152 | 1446 |            |
| 152 <> 153 | 1446 |            |
| 153 <> 154 |    0 |            |
| 154 <> 155 |  128 |            |
| 155 <> 156 |  195 |            |
| 156 <> 157 |  131 |            |
| 157 <> 158 | 1446 |            |
| 158 <> 159 |  179 |            |
| 159 <> 160 |    0 |            |
| 160 <> 161 |  105 |            |
| 161 <> 162 |    0 |            |
| 162 <> 163 |    0 |            |
| 163 <> 164 |    0 |            |
| 164 <> 165 |   69 |            |
| 165 <> 166 | 1446 |            |
| 166 <> 167 |  187 |            |
| 167 <> 168 |    0 |            |
| 168 <> 169 |  130 |            |
| 169 <> 170 |  130 |            |
| 170 <> 171 |  195 |            |
| 171 <> 172 |  121 |            |
| 172 <> 173 |    0 |            |
| 173 <> 174 |    0 |            |
| 174 <> 175 |    0 |            |
| 175 <> 176 |  108 |            |
| 176 <> 177 |   66 |            |
| 177 <> 178 |  103 |            |
| 178 <> 179 |  106 |            |
| 179 <> 180 | 1446 |            |
| 180 <> 181 |    0 |            |
| 181 <> 182 |    0 |            |
| 182 <> 183 |  118 |            |
| 183 <> 184 |  108 |            |
| 184 <> 185 |    0 |            |
| 185 <> 186 |    0 |            |
| 186 <> 187 |    0 |            |
| 187 <> 188 |    0 |            |
| 188 <> 189 |  106 |            |
| 189 <> 190 | 1446 |            |
| 190 <> 191 |    0 |            |
| 191 <> 192 |  118 |            |
| 192 <> 193 | 1446 |            |
| 193 <> 194 | 1446 |            |
| 194 <> 195 |    0 |            |
| 195 <> 196 |  107 |            |
| 196 <> 197 |    0 |            |
| 197 <> 198 |  103 |            |
| 198 <> 199 |    0 |            |
| 199 <> 200 |    0 |            |
| 200 <> 201 |  139 |            |
| 201 <> 202 |  139 |            |
| 202 <> 203 |  139 |            |
| 203 <> 204 |  139 |            |
| 204 <> 205 |    0 |            |
| 205 <> 206 | 1446 |            |
| 206 <> 207 |  446 |            |
| 207 <> 208 |  195 |            |
| 208 <> 209 |  179 |            |
| 209 <> 210 |  266 |            |
| 210 <> 211 |  305 |            |
| 211 <> 212 |  290 |            |
| 212 <> 213 |  175 |            |
| 213 <> 214 |  187 |            |
| 214 <> 215 |  165 |            |
| 215 <> 216 |  195 |            |
| 216 <> 217 |  275 |            |
| 217 <> 218 |  228 |            |
| 218 <> 219 |  349 |            |
| 219 <> 220 |  218 |            |
| 220 <> 221 |  281 |            |
| 221 <> 222 |  261 |            |
| 222 <> 223 |  298 |            |
| 223 <> 224 |  300 |            |
| 224 <> 225 |  329 |            |
| 225 <> 226 |  378 |            |
| 226 <> 227 |  367 |            |
| 227 <> 228 |  415 |            |
| 228 <> 229 |  435 |            |
| 229 <> 230 |  442 |            |
| 230 <> 231 |  485 |            |
| 231 <> 232 |  261 |            |
| 232 <> 233 |  252 |            |
| 233 <> 234 |  277 |            |
| 234 <> 235 |  400 |            |
| 235 <> 236 |  230 |            |
| 236 <> 237 |  430 |            |
| 237 <> 238 |  431 |            |
| 238 <> 239 |  263 |            |
| 239 <> 240 |  255 |            |
| 240 <> 241 |  261 |            |
| 241 <> 242 |  259 |            |
| 242 <> 243 |  229 |            |
| 243 <> 244 |  266 |            |
| 244 <> 245 |  267 |            |
| 245 <> 246 |  267 |            |
| 246 <> 247 |  267 |            |
| 247 <> 248 |  260 |            |
| 248 <> 249 |  249 |            |
| 249 <> 250 |  275 |            |
| 250 <> 251 |  266 |            |
| 251 <> 252 |  243 |            |
| 252 <> 253 |    0 |            |
| 253 <> 254 |    0 |            |
| 254 <> 255 | 1446 |            |
| 255 <> 256 |  554 |            |
| 256 <> 257 |   85 |            |
| 257 <> 258 |  175 |            |
| 258 <> 259 |    0 |            |
| 259 <> 260 | 1135 |            |
| 260 <> 261 | 1125 |            |
| 261 <> 262 | 1149 |            |
| 262 <> 263 | 1150 |            |
| 263 <> 264 | 1157 |            |
| 264 <> 265 | 1137 |            |
| 265 <> 266 | 1156 |            |
| 266 <> 267 | 1144 |            |
| 267 <> 268 | 1157 |            |
| 268 <> 269 | 1152 |            |
| 269 <> 270 | 1153 |            |
| 270 <> 271 | 1138 |            |
| 271 <> 272 | 1155 |            |
| 272 <> 273 | 1155 |            |
| 273 <> 274 | 1156 |            |
| 274 <> 275 | 1156 |            |
| 275 <> 276 | 1137 |            |
| 276 <> 277 | 1145 |            |
| 277 <> 278 | 1157 |            |
| 278 <> 279 | 1144 |            |
| 279 <> 280 | 1157 |            |
| 280 <> 281 | 1158 |            |
| 281 <> 282 | 1156 |            |
| 282 <> 283 | 1155 |            |
| 283 <> 284 | 1154 |            |
| 284 <> 285 | 1153 |            |
| 285 <> 286 | 1154 |            |
| 286 <> 287 | 1157 |            |
| 287 <> 288 | 1143 |            |
| 288 <> 289 | 1156 |            |
| 289 <> 290 | 1155 |            |
| 290 <> 291 | 1154 |            |
| 291 <> 292 | 1157 |            |
| 292 <> 293 | 1157 |            |
| 293 <> 294 | 1156 |            |
| 294 <> 295 | 1156 |            |
| 295 <> 296 | 1145 |            |
| 296 <> 297 | 1157 |            |
| 297 <> 298 | 1151 |            |
| 298 <> 299 | 1156 |            |
| 299 <> Dur | 1152 |            |
==================================
