
==================================
| IO Statistics                  |
|                                |
| Duration: 294.784436 secs      |
| Interval:   1 secs             |
|                                |
| Col 1: MAX(frame.len)frame.len |
|--------------------------------|
|            |1     |            |
| Interval   |  MAX |            |
|-------------------|            |
|   0 <>   1 | 1484 |            |
|   1 <>   2 | 1514 |            |
|   2 <>   3 |  465 |            |
|   3 <>   4 |    0 |            |
|   4 <>   5 | 1392 |            |
|   5 <>   6 |    0 |            |
|   6 <>   7 | 1388 |            |
|   7 <>   8 |    0 |            |
|   8 <>   9 | 1392 |            |
|   9 <>  10 |  167 |            |
|  10 <>  11 |  167 |            |
|  11 <>  12 |    0 |            |
|  12 <>  13 |    0 |            |
|  13 <>  14 |    0 |            |
|  14 <>  15 | 1392 |            |
|  15 <>  16 | 1392 |            |
|  16 <>  17 | 1392 |            |
|  17 <>  18 | 1392 |            |
|  18 <>  19 | 1392 |            |
|  19 <>  20 | 1392 |            |
|  20 <>  21 | 1514 |            |
|  21 <>  22 | 1514 |            |
|  22 <>  23 |  119 |            |
|  23 <>  24 | 1387 |            |
|  24 <>  25 | 1387 |            |
|  25 <>  26 | 1387 |            |
|  26 <>  27 | 1484 |            |
|  27 <>  28 | 1392 |            |
|  28 <>  29 | 1392 |            |
|  29 <>  30 | 1484 |            |
|  30 <>  31 | 1392 |            |
|  31 <>  32 | 1392 |            |
|  32 <>  33 | 1392 |            |
|  33 <>  34 | 1392 |            |
|  34 <>  35 | 1392 |            |
|  35 <>  36 | 1392 |            |
|  36 <>  37 |    0 |            |
|  37 <>  38 |    0 |            |
|  38 <>  39 |    0 |            |
|  39 <>  40 |    0 |            |
|  40 <>  41 |    0 |            |
|  41 <>  42 | 1233 |            |
|  42 <>  43 |  103 |            |
|  43 <>  44 | 1392 |            |
|  44 <>  45 | 1392 |            |
|  45 <>  46 |  119 |            |
|  46 <>  47 |  119 |            |
|  47 <>  48 |   42 |            |
|  48 <>  49 |    0 |            |
|  49 <>  50 |    0 |            |
|  50 <>  51 | 1484 |            |
|  51 <>  52 | 1252 |            |
|  52 <>  53 |    0 |            |
|  53 <>  54 |  167 |            |
|  54 <>  55 | 1392 |            |
|  55 <>  56 |    0 |            |
|  56 <>  57 |    0 |            |
|  57 <>  58 |  104 |            |
|  58 <>  59 |  347 |            |
|  59 <>  60 | 1514 |            |
|  60 <>  61 |  312 |            |
|  61 <>  62 | 1237 |            |
|  62 <>  63 |    0 |            |
|  63 <>  64 |    0 |            |
|  64 <>  65 |  167 |            |
|  65 <>  66 |    0 |            |
|  66 <>  67 |    0 |            |
|  67 <>  68 |    0 |            |
|  68 <>  69 |    0 |            |
|  69 <>  70 |    0 |            |
|  70 <>  71 |  117 |            |
|  71 <>  72 | 1514 |            |
|  72 <>  73 |  519 |            |
|  73 <>  74 |    0 |            |
|  74 <>  75 |  167 |            |
|  75 <>  76 |    0 |            |
|  76 <>  77 |   85 |            |
|  77 <>  78 |    0 |            |
|  78 <>  79 |    0 |            |
|  79 <>  80 |    0 |            |
|  80 <>  81 |    0 |            |
|  81 <>  82 |    0 |            |
|  82 <>  83 |    0 |            |
|  83 <>  84 |    0 |            |
|  84 <>  85 |  167 |            |
|  85 <>  86 |  112 |            |
|  86 <>  87 |    0 |            |
|  87 <>  88 |   85 |            |
|  88 <>  89 |    0 |            |
|  89 <>  90 |    0 |            |
|  90 <>  91 |   42 |            |
|  91 <>  92 |  119 |            |
|  92 <>  93 | 1392 |            |
|  93 <>  94 | 1392 |            |
|  94 <>  95 | 1388 |            |
|  95 <>  96 |    0 |            |
|  96 <>  97 |    0 |            |
|  97 <>  98 |    0 |            |
|  98 <>  99 |    0 |            |
|  99 <> 100 |    0 |            |
| 100 <> 101 |    0 |            |
| 101 <> 102 |    0 |            |
| 102 <> 103 |    0 |            |
| 103 <> 104 |    0 |            |
| 104 <> 105 |  167 |            |
| 105 <> 106 |    0 |            |
| 106 <> 107 |    0 |            |
| 107 <> 108 |    0 |            |
| 108 <> 109 |    0 |            |
| 109 <> 110 |    0 |            |
| 110 <> 111 |    0 |            |
| 111 <> 112 |    0 |            |
| 112 <> 113 |    0 |            |
| 113 <> 114 |    0 |            |
| 114 <> 115 | 1392 |            |
| 115 <> 116 | 1484 |            |
| 116 <> 117 | 1392 |            |
| 117 <> 118 | 1392 |            |
| 118 <> 119 | 1392 |            |
| 119 <> 120 | 1392 |            |
| 120 <> 121 | 1392 |            |
| 121 <> 122 | 1392 |            |
| 122 <> 123 | 1392 |            |
| 123 <> 124 |    0 |            |
| 124 <> 125 |  179 |            |
| 125 <> 126 | 1212 |            |
| 126 <> 127 |    0 |            |
| 127 <> 128 |  179 |            |
| 128 <> 129 |    0 |            |
| 129 <> 130 |    0 |            |
| 130 <> 131 |  179 |            |
| 131 <> 132 |    0 |            |
| 132 <> 133 |    0 |            |
| 133 <> 134 |  179 |            |
| 134 <> 135 | 1392 |            |
| 135 <> 136 | 1392 |            |
| 136 <> 137 |  179 |            |
| 137 <> 138 | 1392 |            |
| 138 <> 139 |    0 |            |
| 139 <> 140 | 1388 |            |
| 140 <> 141 |   75 |            |
| 141 <> 142 |    0 |            |
| 142 <> 143 |    0 |            |
| 143 <> 144 | 1392 |            |
| 144 <> 145 | 1392 |            |
| 145 <> 146 | 1231 |            |
| 146 <> 147 | 1484 |            |
| 147 <> 148 |    0 |            |
| 148 <> 149 |    0 |            |
| 149 <> 150 |    0 |            |
| 150 <> 151 |    0 |            |
| 151 <> 152 | 1514 |            |
| 152 <> 153 | 1514 |            |
| 153 <> 154 | 1514 |            |
| 154 <> 155 | 1392 |            |
| 155 <> 156 | 1514 |            |
| 156 <> 157 | 1446 |            |
| 157 <> 158 | 1446 |            |
| 158 <> 159 |    0 |            |
| 159 <> 160 |    0 |            |
| 160 <> 161 |    0 |            |
| 161 <> 162 |   85 |            |
| 162 <> 163 | 1392 |            |
| 163 <> 164 |    0 |            |
| 164 <> 165 | 1392 |            |
| 165 <> 166 | 1392 |            |
| 166 <> 167 | 1392 |            |
| 167 <> 168 |    0 |            |
| 168 <> 169 | 1392 |            |
| 169 <> 170 | 1392 |            |
| 170 <> 171 |    0 |            |
| 171 <> 172 | 1392 |            |
| 172 <> 173 |    0 |            |
| 173 <> 174 | 1392 |            |
| 174 <> 175 |  433 |            |
| 175 <> 176 |  119 |            |
| 176 <> 177 |    0 |            |
| 177 <> 178 |    0 |            |
| 178 <> 179 | 1387 |            |
| 179 <> 180 |    0 |            |
| 180 <> 181 |    0 |            |
| 181 <> 182 |    0 |            |
| 182 <> 183 |    0 |            |
| 183 <> 184 | 1392 |            |
| 184 <> 185 |  167 |            |
| 185 <> 186 |    0 |            |
| 186 <> 187 |  179 |            |
| 187 <> 188 |    0 |            |
| 188 <> 189 |   42 |            |
| 189 <> 190 |  179 |            |
| 190 <> 191 |    0 |            |
| 191 <> 192 |    0 |            |
| 192 <> 193 |  179 |            |
| 193 <> 194 |    0 |            |
| 194 <> 195 |  167 |            |
| 195 <> 196 |  179 |            |
| 196 <> 197 | 1392 |            |
| 197 <> 198 |    0 |            |
| 198 <> 199 |  179 |            |
| 199 <> 200 |    0 |            |
| 200 <> 201 |    0 |            |
| 201 <> 202 |  179 |            |
| 202 <> 203 |    0 |            |
| 203 <> 204 |    0 |            |
| 204 <> 205 |  167 |            |
| 205 <> 206 |    0 |            |
| 206 <> 207 |    0 |            |
| 207 <> 208 |    0 |            |
| 208 <> 209 |    0 |            |
| 209 <> 210 |    0 |            |
| 210 <> 211 |    0 |            |
| 211 <> 212 |    0 |            |
| 212 <> 213 |    0 |            |
| 213 <> 214 |    0 |            |
| 214 <> 215 |  167 |            |
| 215 <> 216 |    0 |            |
| 216 <> 217 |  261 |            |
| 217 <> 218 | 1514 |            |
| 218 <> 219 | 1514 |            |
| 219 <> 220 | 1514 |            |
| 220 <> 221 |  306 |            |
| 221 <> 222 | 1514 |            |
| 222 <> 223 | 1514 |            |
| 223 <> 224 |   54 |            |
| 224 <> 225 |  167 |            |
| 225 <> 226 |    0 |            |
| 226 <> 227 | 1392 |            |
| 227 <> 228 |    0 |            |
| 228 <> 229 | 1392 |            |
| 229 <> 230 | 1392 |            |
| 230 <> 231 | 1392 |            |
| 231 <> 232 | 1392 |            |
| 232 <> 233 | 1392 |            |
| 233 <> 234 | 1392 |            |
| 234 <> 235 | 1392 |            |
| 235 <> 236 | 1392 |            |
| 236 <> 237 | 1392 |            |
| 237 <> 238 |    0 |            |
| 238 <> 239 | 1256 |            |
| 239 <> 240 |    0 |            |
| 240 <> 241 |    0 |            |
| 241 <> 242 |   66 |            |
| 242 <> 243 |   66 |            |
| 243 <> 244 |   66 |            |
| 244 <> 245 |  167 |            |
| 245 <> 246 |    0 |            |
| 246 <> 247 |   94 |            |
| 247 <> 248 |    0 |            |
| 248 <> 249 | 1222 |            |
| 249 <> 250 |    0 |            |
| 250 <> 251 |    0 |            |
| 251 <> 252 |    0 |            |
| 252 <> 253 |    0 |            |
| 253 <> 254 |    0 |            |
| 254 <> 255 |  167 |            |
| 255 <> 256 |    0 |            |
| 256 <> 257 |    0 |            |
| 257 <> 258 |   85 |            |
| 258 <> 259 | 1224 |            |
| 259 <> 260 |    0 |            |
| 260 <> 261 |    0 |            |
| 261 <> 262 |    0 |            |
| 262 <> 263 |   42 |            |
| 263 <> 264 |    0 |            |
| 264 <> 265 |  167 |            |
| 265 <> 266 |    0 |            |
| 266 <> 267 |    0 |            |
| 267 <> 268 |    0 |            |
| 268 <> 269 |    0 |            |
| 269 <> 270 |    0 |            |
| 270 <> 271 |   99 |            |
| 271 <> 272 |    0 |            |
| 272 <> 273 |    0 |            |
| 273 <> 274 |    0 |            |
| 274 <> 275 |  167 |            |
| 275 <> 276 | 1392 |            |
| 276 <> 277 |  119 |            |
| 277 <> 278 |    0 |            |
| 278 <> 279 |    0 |            |
| 279 <> 280 |    0 |            |
| 280 <> 281 |    0 |            |
| 281 <> 282 |    0 |            |
| 282 <> 283 |    0 |            |
| 283 <> 284 |    0 |            |
| 284 <> 285 | 1388 |            |
| 285 <> 286 | 1392 |            |
| 286 <> 287 | 1392 |            |
| 287 <> 288 |    0 |            |
| 288 <> 289 |    0 |            |
| 289 <> 290 |    0 |            |
| 290 <> 291 |    0 |            |
| 291 <> 292 | 1388 |            |
| 292 <> 293 |    0 |            |
| 293 <> 294 | 1392 |            |
| 294 <> Dur |  167 |            |
==================================
