
==================================
| IO Statistics                  |
|                                |
| Duration: 297.605577 secs      |
| Interval:   1 secs             |
|                                |
| Col 1: MAX(frame.len)frame.len |
|--------------------------------|
|            |1     |            |
| Interval   |  MAX |            |
|-------------------|            |
|   0 <>   1 | 1484 |            |
|   1 <>   2 | 1392 |            |
|   2 <>   3 | 1484 |            |
|   3 <>   4 | 1484 |            |
|   4 <>   5 | 1392 |            |
|   5 <>   6 | 1392 |            |
|   6 <>   7 | 1392 |            |
|   7 <>   8 | 1484 |            |
|   8 <>   9 | 1392 |            |
|   9 <>  10 | 1392 |            |
|  10 <>  11 | 1392 |            |
|  11 <>  12 | 1392 |            |
|  12 <>  13 | 1392 |            |
|  13 <>  14 | 1392 |            |
|  14 <>  15 | 1392 |            |
|  15 <>  16 | 1392 |            |
|  16 <>  17 | 1392 |            |
|  17 <>  18 | 1392 |            |
|  18 <>  19 | 1392 |            |
|  19 <>  20 | 1392 |            |
|  20 <>  21 | 1392 |            |
|  21 <>  22 | 1392 |            |
|  22 <>  23 | 1392 |            |
|  23 <>  24 | 1392 |            |
|  24 <>  25 | 1484 |            |
|  25 <>  26 | 1392 |            |
|  26 <>  27 | 1392 |            |
|  27 <>  28 | 1392 |            |
|  28 <>  29 |    0 |            |
|  29 <>  30 |    0 |            |
|  30 <>  31 | 1392 |            |
|  31 <>  32 | 1392 |            |
|  32 <>  33 | 1392 |            |
|  33 <>  34 | 1392 |            |
|  34 <>  35 |    0 |            |
|  35 <>  36 | 1392 |            |
|  36 <>  37 | 1392 |            |
|  37 <>  38 | 1392 |            |
|  38 <>  39 | 1484 |            |
|  39 <>  40 | 1392 |            |
|  40 <>  41 |  167 |            |
|  41 <>  42 | 1392 |            |
|  42 <>  43 | 1392 |            |
|  43 <>  44 | 1392 |            |
|  44 <>  45 | 1392 |            |
|  45 <>  46 | 1392 |            |
|  46 <>  47 | 1392 |            |
|  47 <>  48 |    0 |            |
|  48 <>  49 |    0 |            |
|  49 <>  50 | 1392 |            |
|  50 <>  51 | 1392 |            |
|  51 <>  52 | 1392 |            |
|  52 <>  53 | 1392 |            |
|  53 <>  54 | 1392 |            |
|  54 <>  55 |    0 |            |
|  55 <>  56 |    0 |            |
|  56 <>  57 | 1392 |            |
|  57 <>  58 |   71 |            |
|  58 <>  59 |    0 |            |
|  59 <>  60 |    0 |            |
|  60 <>  61 |  167 |            |
|  61 <>  62 |  179 |            |
|  62 <>  63 | 1484 |            |
|  63 <>  64 | 1437 |            |
|  64 <>  65 | 1392 |            |
|  65 <>  66 |   78 |            |
|  66 <>  67 |    0 |            |
|  67 <>  68 |  179 |            |
|  68 <>  69 |    0 |            |
|  69 <>  70 |    0 |            |
|  70 <>  71 |  224 |            |
|  71 <>  72 | 1392 |            |
|  72 <>  73 | 1392 |            |
|  73 <>  74 |  179 |            |
|  74 <>  75 |  231 |            |
|  75 <>  76 |    0 |            |
|  76 <>  77 |  179 |            |
|  77 <>  78 |    0 |            |
|  78 <>  79 | 1392 |            |
|  79 <>  80 | 1392 |            |
|  80 <>  81 | 1392 |            |
|  81 <>  82 | 1392 |            |
|  82 <>  83 | 1392 |            |
|  83 <>  84 |   85 |            |
|  84 <>  85 |    0 |            |
|  85 <>  86 |  571 |            |
|  86 <>  87 | 1514 |            |
|  87 <>  88 | 1392 |            |
|  88 <>  89 |    0 |            |
|  89 <>  90 | 1392 |            |
|  90 <>  91 | 1392 |            |
|  91 <>  92 | 1392 |            |
|  92 <>  93 | 1392 |            |
|  93 <>  94 | 1392 |            |
|  94 <>  95 |    0 |            |
|  95 <>  96 |    0 |            |
|  96 <>  97 |    0 |            |
|  97 <>  98 | 1392 |            |
|  98 <>  99 |    0 |            |
|  99 <> 100 | 1392 |            |
| 100 <> 101 |  167 |            |
| 101 <> 102 | 1392 |            |
| 102 <> 103 |  103 |            |
| 103 <> 104 | 1392 |            |
| 104 <> 105 | 1392 |            |
| 105 <> 106 |    0 |            |
| 106 <> 107 | 1392 |            |
| 107 <> 108 | 1484 |            |
| 108 <> 109 |    0 |            |
| 109 <> 110 |    0 |            |
| 110 <> 111 | 1392 |            |
| 111 <> 112 | 1392 |            |
| 112 <> 113 |    0 |            |
| 113 <> 114 |    0 |            |
| 114 <> 115 |    0 |            |
| 115 <> 116 |    0 |            |
| 116 <> 117 | 1392 |            |
| 117 <> 118 |    0 |            |
| 118 <> 119 | 1392 |            |
| 119 <> 120 | 1392 |            |
| 120 <> 121 |  167 |            |
| 121 <> 122 |  167 |            |
| 122 <> 123 |  103 |            |
| 123 <> 124 |    0 |            |
| 124 <> 125 |  239 |            |
| 125 <> 126 |    0 |            |
| 126 <> 127 | 1392 |            |
| 127 <> 128 |  179 |            |
| 128 <> 129 |    0 |            |
| 129 <> 130 |    0 |            |
| 130 <> 131 |  179 |            |
| 131 <> 132 |  167 |            |
| 132 <> 133 |    0 |            |
| 133 <> 134 | 1392 |            |
| 134 <> 135 | 1392 |            |
| 135 <> 136 |    0 |            |
| 136 <> 137 | 1392 |            |
| 137 <> 138 |    0 |            |
| 138 <> 139 |    0 |            |
| 139 <> 140 |  179 |            |
| 140 <> 141 |  167 |            |
| 141 <> 142 | 1392 |            |
| 142 <> 143 | 1392 |            |
| 143 <> 144 |    0 |            |
| 144 <> 145 |    0 |            |
| 145 <> 146 |    0 |            |
| 146 <> 147 |    0 |            |
| 147 <> 148 |    0 |            |
| 148 <> 149 |    0 |            |
| 149 <> 150 | 1392 |            |
| 150 <> 151 | 1392 |            |
| 151 <> 152 |  167 |            |
| 152 <> 153 |    0 |            |
| 153 <> 154 |    0 |            |
| 154 <> 155 |   42 |            |
| 155 <> 156 |    0 |            |
| 156 <> 157 | 1392 |            |
| 157 <> 158 | 1392 |            |
| 158 <> 159 |    0 |            |
| 159 <> 160 |    0 |            |
| 160 <> 161 |  167 |            |
| 161 <> 162 |  167 |            |
| 162 <> 163 |  103 |            |
| 163 <> 164 |    0 |            |
| 164 <> 165 | 1392 |            |
| 165 <> 166 |   71 |            |
| 166 <> 167 |    0 |            |
| 167 <> 168 |    0 |            |
| 168 <> 169 |    0 |            |
| 169 <> 170 |    0 |            |
| 170 <> 171 |  167 |            |
| 171 <> 172 | 1392 |            |
| 172 <> 173 | 1392 |            |
| 173 <> 174 |    0 |            |
| 174 <> 175 | 1392 |            |
| 175 <> 176 | 1392 |            |
| 176 <> 177 | 1392 |            |
| 177 <> 178 |    0 |            |
| 178 <> 179 |    0 |            |
| 179 <> 180 | 1392 |            |
| 180 <> 181 | 1392 |            |
| 181 <> 182 |  167 |            |
| 182 <> 183 |  103 |            |
| 183 <> 184 |    0 |            |
| 184 <> 185 |    0 |            |
| 185 <> 186 | 1392 |            |
| 186 <> 187 | 1392 |            |
| 187 <> 188 | 1392 |            |
| 188 <> 189 |    0 |            |
| 189 <> 190 |    0 |            |
| 190 <> 191 |  167 |            |
| 191 <> 192 |  167 |            |
| 192 <> 193 |    0 |            |
| 193 <> 194 |    0 |            |
| 194 <> 195 | 1392 |            |
| 195 <> 196 | 1392 |            |
| 196 <> 197 | 1392 |            |
| 197 <> 198 | 1392 |            |
| 198 <> 199 |    0 |            |
| 199 <> 200 | 1392 |            |
| 200 <> 201 |  167 |            |
| 201 <> 202 |  167 |            |
| 202 <> 203 | 1392 |            |
| 203 <> 204 | 1392 |            |
| 204 <> 205 | 1392 |            |
| 205 <> 206 | 1392 |            |
| 206 <> 207 |    0 |            |
| 207 <> 208 |    0 |            |
| 208 <> 209 |    0 |            |
| 209 <> 210 |    0 |            |
| 210 <> 211 |  167 |            |
| 211 <> 212 | 1392 |            |
| 212 <> 213 | 1392 |            |
| 213 <> 214 | 1392 |            |
| 214 <> 215 |    0 |            |
| 215 <> 216 |    0 |            |
| 216 <> 217 |    0 |            |
| 217 <> 218 |    0 |            |
| 218 <> 219 |    0 |            |
| 219 <> 220 |    0 |            |
| 220 <> 221 | 1392 |            |
| 221 <> 222 | 1392 |            |
| 222 <> 223 |  103 |            |
| 223 <> 224 |    0 |            |
| 224 <> 225 |  240 |            |
| 225 <> 226 |    0 |            |
| 226 <> 227 |    0 |            |
| 227 <> 228 |    0 |            |
| 228 <> 229 | 1392 |            |
| 229 <> 230 |    0 |            |
| 230 <> 231 |  167 |            |
| 231 <> 232 | 1392 |            |
| 232 <> 233 | 1392 |            |
| 233 <> 234 |   42 |            |
| 234 <> 235 |    0 |            |
| 235 <> 236 | 1392 |            |
| 236 <> 237 | 1392 |            |
| 237 <> 238 |    0 |            |
| 238 <> 239 |    0 |            |
| 239 <> 240 |    0 |            |
| 240 <> 241 |  167 |            |
| 241 <> 242 |  167 |            |
| 242 <> 243 |  103 |            |
| 243 <> 244 | 1392 |            |
| 244 <> 245 | 1392 |            |
| 245 <> 246 |    0 |            |
| 246 <> 247 |    0 |            |
| 247 <> 248 |    0 |            |
| 248 <> 249 |    0 |            |
| 249 <> 250 | 1392 |            |
| 250 <> 251 | 1101 |            |
| 251 <> 252 | 1392 |            |
| 252 <> 253 |    0 |            |
| 253 <> 254 |    0 |            |
| 254 <> 255 |    0 |            |
| 255 <> 256 |    0 |            |
| 256 <> 257 |    0 |            |
| 257 <> 258 |    0 |            |
| 258 <> 259 |    0 |            |
| 259 <> 260 | 1392 |            |
| 260 <> 261 | 1392 |            |
| 261 <> 262 |  167 |            |
| 262 <> 263 |  103 |            |
| 263 <> 264 |    0 |            |
| 264 <> 265 |    0 |            |
| 265 <> 266 |   42 |            |
| 266 <> 267 |    0 |            |
| 267 <> 268 | 1392 |            |
| 268 <> 269 |    0 |            |
| 269 <> 270 |    0 |            |
| 270 <> 271 |  167 |            |
| 271 <> 272 |  167 |            |
| 272 <> 273 |    0 |            |
| 273 <> 274 |    0 |            |
| 274 <> 275 |    0 |            |
| 275 <> 276 | 1392 |            |
| 276 <> 277 |    0 |            |
| 277 <> 278 |    0 |            |
| 278 <> 279 |    0 |            |
| 279 <> 280 |    0 |            |
| 280 <> 281 |  167 |            |
| 281 <> 282 |  167 |            |
| 282 <> 283 |  103 |            |
| 283 <> 284 | 1392 |            |
| 284 <> 285 | 1392 |            |
| 285 <> 286 | 1392 |            |
| 286 <> 287 | 1392 |            |
| 287 <> 288 | 1392 |            |
| 288 <> 289 | 1392 |            |
| 289 <> 290 |    0 |            |
| 290 <> 291 |  167 |            |
| 291 <> 292 | 1392 |            |
| 292 <> 293 | 1392 |            |
| 293 <> 294 |    0 |            |
| 294 <> 295 |    0 |            |
| 295 <> 296 |    0 |            |
| 296 <> 297 |    0 |            |
| 297 <> Dur | 1392 |            |
==================================
